1940 7712 7649 1
4101 1940 5554 2
5616 1940 5554 2
5617 1940 5554 2
5618 1940 5554 2
4107 1940 5555 2
4108 1940 5555 2
4109 1940 5555 2
4111 1940 5555 2
4112 1940 5555 2
4113 1940 5555 2
4114 1940 5555 2
4116 1940 5555 2
6380 1940 5555 2
6532 1940 5555 2
6385 1940 5562 2
6387 1940 5562 2
6388 1940 5562 2
6536 1940 5562 2
6537 1940 5562 2
5656 1940 5589 2
6413 1940 5589 2
6548 1940 5589 2
6549 1940 5589 2
4120 1940 5592 2
4122 1940 5592 2
5633 1940 5592 2
5635 1940 5592 2
4123 1940 5593 2
5640 1940 5593 2
5643 1940 5593 2
6403 1940 5593 2
4130 1940 5599 2
4131 1940 5599 2
4133 1940 5599 2
5645 1940 5599 2
5646 1940 5599 2
6406 1940 5599 2
6546 1940 5599 2
4141 1940 5625 2
4142 1940 5625 2
5662 1940 5625 2
5663 1940 5625 2
6420 1940 5625 2
6553 1940 5625 2
6558 1940 5625 2
