m1 m2 m3 m4 m5 m6 m7 m8 m9 m10
1940 1 2 4 3 2 1 5 3 2 3 3 2 3 1 2 1 4 1 7 1
4101 1 2 4 4 2 1 5 6 2 1 3 2 3 2 2 1 4 1 7 8
4107 0 0 4 4 2 1 5 6 0 0 3 2 3 2 2 1 4 1 7 8
4108 0 0 3 4 1 1 3 6 0 0 2 2 1 2 1 1 1 1 1 8
4109 0 0 3 4 1 1 3 6 0 0 2 2 1 3 1 1 4 1 7 8
4111 1 2 3 4 1 1 3 6 3 1 2 2 1 2 1 1 1 1 1 8
4112 1 1 4 4 2 1 5 6 2 1 3 2 3 2 2 1 4 1 7 8
4113 1 1 4 4 1 1 3 6 3 1 2 2 3 2 2 1 4 1 7 8
4114 1 2 3 4 1 1 3 6 2 1 3 2 3 2 2 1 4 1 7 8
4116 1 2 3 4 1 1 3 6 3 1 2 2 1 2 1 1 1 1 1 8
4120 1 1 3 4 2 2 5 2 2 2 3 1 1 3 1 2 1 2 1 1
4122 2 2 3 4 1 1 3 2 0 0 2 2 1 1 1 2 1 2 1 1
4123 0 0 4 3 2 3 5 2 0 0 3 2 1 1 1 2 1 2 1 1
4130 0 0 4 4 1 2 3 4 0 0 2 2 1 2 1 1 1 2 1 1
4131 1 2 4 4 2 2 5 4 2 3 3 2 3 2 2 2 4 2 7 1
4133 1 1 4 4 1 2 5 2 2 2 3 2 3 2 1 2 4 2 7 1
4141 1 2 3 3 1 3 3 3 3 5 2 2 1 3 2 2 4 3 7 1
4142 2 2 3 3 1 3 5 3 2 5 3 2 3 3 2 2 4 3 7 1
5554 0 0 4 4 1 1 2 6 2 1 2 2 1 2 1 1 1 1 8 8
5555 0 0 4 4 1 1 3 6 5 1 2 2 2 3 1 1 1 1 8 8
5562 0 0 1 4 1 3 3 6 1 3 2 2 1 3 1 2 3 1 1 8
5589 0 0 3 3 1 1 6 6 1 1 2 2 1 2 1 2 1 2 1 8
5592 0 0 3 4 1 2 2 2 2 2 1 2 1 3 2 2 2 2 1 1
5593 0 0 3 3 1 3 2 2 2 2 1 2 1 2 1 2 2 2 1 1
5599 1 2 4 4 1 2 2 4 2 3 2 2 1 2 1 2 2 2 1 1
5616 2 2 3 4 1 1 3 6 3 1 2 2 1 2 1 1 1 1 1 8
5617 2 2 3 4 2 1 5 6 0 0 3 2 0 0 2 1 4 1 7 8
5618 2 2 3 4 2 1 5 6 0 0 3 2 3 2 2 1 4 1 7 8
5625 1 2 3 3 1 3 2 3 5 5 2 2 1 3 1 2 3 2 1 1
5633 1 2 3 3 2 2 5 2 2 2 3 1 3 3 2 2 4 2 7 1
5635 1 2 3 4 1 1 3 2 0 0 2 2 1 3 2 2 4 2 7 1
5640 1 2 3 3 1 3 3 2 0 0 2 1 1 2 1 2 4 2 7 1
5643 2 2 3 3 1 1 3 2 3 2 2 2 1 1 1 2 1 2 1 1
5645 1 1 4 4 2 2 5 4 2 3 3 2 3 2 1 1 1 2 1 1
5646 1 2 3 4 1 2 3 4 3 3 2 2 1 1 1 2 4 2 7 1
5656 0 0 4 3 2 1 3 6 3 1 2 2 1 1 1 2 1 2 1 1
5662 1 1 4 3 2 1 5 2 2 5 3 2 3 3 2 2 4 3 7 1
5663 1 1 4 3 1 1 3 2 2 5 3 2 1 3 2 2 4 3 7 1
6380 0 0 4 4 1 1 3 3 0 0 2 2 1 3 2 1 4 1 7 8
6385 1 2 4 4 2 1 5 6 2 1 3 2 3 3 2 2 4 3 7 1
6387 1 2 4 4 2 3 5 3 2 3 3 2 1 3 1 2 4 1 7 8
6388 0 0 3 4 1 1 3 3 3 3 2 2 1 3 1 2 4 1 7 8
6403 0 0 3 3 1 1 3 2 0 0 2 2 1 1 1 2 1 2 1 1
6406 2 2 3 4 1 1 3 2 2 2 3 2 3 2 1 2 4 2 7 1
6413 2 2 3 3 1 1 3 6 3 1 2 2 1 2 1 1 1 1 7 8
6420 2 2 3 3 1 3 3 3 3 5 2 2 1 3 1 2 1 3 1 1
6532 0 0 3 4 1 1 3 3 0 0 2 2 1 3 1 1 1 1 1 8
6536 2 2 4 4 2 1 5 6 2 1 3 2 3 3 2 2 4 3 7 1
6537 1 2 4 4 2 1 3 6 3 1 2 2 1 3 1 1 1 1 1 8
6546 0 0 0 0 2 2 3 4 0 0 0 0 1 2 1 1 1 2 0 0
6548 1 2 4 3 2 1 5 6 2 1 0 0 3 1 2 2 4 2 7 1
6549 1 2 3 3 1 1 3 6 3 1 2 2 0 0 1 2 0 0 1 1
6553 2 2 4 3 2 3 5 3 0 0 3 2 3 3 2 2 4 3 7 1
6558 1 1 4 3 2 1 5 2 2 5 2 2 1 1 1 1 1 2 1 1
7649 2 2 3 3 1 3 2 3 1 3 0 0 0 0 0 0 0 0 1 8
7712 3 1 1 4 1 2 5 6 2 2 0 0 0 0 0 0 0 0 7 1
