IC      Chr   Pos   910014 910002 910010 910074
       1 7    0.0100     4.079    0.000    1.323    0.179
       1 7    0.0200     4.059    0.000    1.441    0.237
       1 7    0.0300     4.022    0.000    1.537    0.336
       1 7    0.0400     3.970    0.000    1.600    0.476
       1 7    0.0500     3.896    0.000    1.626    0.641
       1 7    0.0600     3.793    0.000    1.654    0.750
       1 7    0.0700     3.674    0.000    1.710    0.871
       1 7    0.0800     3.549    0.000    1.747    1.004
       1 7    0.0900     3.411    0.000    1.789    1.150
       1 7    0.1000     3.260    0.000    1.828    1.305
       1 7    0.1100     3.099    0.000    1.868    1.468
       1 7    0.1200     2.928    0.000    1.907    1.633
       1 7    0.1300     2.754    0.000    1.944    1.808
       1 7    0.1400     2.573    0.000    1.980    1.983
       1 7    0.1500     2.389    0.000    2.013    2.156
       1 7    0.1600     2.205    0.000    2.045    2.325
       1 7    0.1700     2.024    0.000    2.074    2.489
       1 7    0.1800     1.846    0.000    2.102    2.645
       1 7    0.1900     1.674    0.000    2.128    2.792
       1 7    0.2000     1.508    0.000    2.152    2.929
       1 7    0.2100     1.349    0.000    2.173    3.054
       1 7    0.2200     1.199    0.000    2.190    3.167
       1 7    0.2300     1.048    0.000    2.202    3.269
       1 7    0.2400     1.110    0.000    2.243    3.514
       1 7    0.2500     1.163    0.000    2.280    3.785
       1 7    0.2600     1.218    0.000    2.319    4.077
       1 7    0.2700     1.275    0.000    2.359    4.392
       1 7    0.2800     1.334    0.000    2.396    4.720
       1 7    0.2900     1.390    0.000    2.438    5.076
       1 7    0.3000     1.449    0.000    2.476    5.458
       1 7    0.3100     1.506    0.000    2.516    5.857
       1 7    0.3200     1.562    0.000    2.552    6.281
       1 7    0.3300     1.616    0.000    2.597    6.699
       1 7    0.3400     1.662    0.200    2.620    7.138
       1 7    0.3500     1.701    0.410    2.665    7.557
       1 7    0.3600     1.741    0.644    2.682    7.990
       1 7    0.3700     1.763    0.884    2.716    8.385
       1 7    0.3800     1.788    1.138    2.734    8.773
       1 7    0.3900     1.800    1.399    2.756    9.115
       1 7    0.4000     1.809    1.667    2.773    9.425
       1 7    0.4100     1.809    1.938    2.788    9.690
       1 7    0.4200     1.813    2.214    2.791    9.919
       1 7    0.4300     1.800    2.482    2.804   10.092
       1 7    0.4400     1.778    2.751    2.819   10.220
       1 7    0.4500     1.749    3.012    2.833   10.295
       1 7    0.4600     1.726    3.263    2.839   10.347
       1 7    0.4700     1.688    3.509    2.857   10.348
       1 7    0.4800     1.655    3.738    2.864   10.325
       1 7    0.4900     1.618    3.961    2.881   10.274
       1 7    0.5000     1.581    4.166    2.887   10.196
       1 7    0.5100     1.545    4.361    2.897   10.099
       1 7    0.5200     1.507    4.542    2.909    9.988
       1 7    0.5300     1.653    5.063    3.199   10.187
       1 7    0.5400     1.872    5.604    3.503   10.378
       1 7    0.5500     2.171    6.155    3.830   10.557
       1 7    0.5600     2.552    6.704    4.177   10.720
       1 7    0.5700     3.007    7.244    4.538   10.866
       1 7    0.5800     3.535    7.761    4.909   10.991
       1 7    0.5900     4.116    8.247    5.285   11.095
       1 7    0.6000     4.728    8.695    5.662   11.178
       1 7    0.6100     5.346    9.099    6.034   11.240
       1 7    0.6200     5.916    9.448    6.371   11.282
       1 7    0.6300     6.264   10.133    6.648   11.378
       1 7    0.6400     6.571   10.828    6.881   11.376
       1 7    0.6500     6.889   11.509    7.095   11.275
       1 7    0.6600     7.206   12.158    7.277   11.060
       1 7    0.6700     7.480   12.757    7.397   10.719
       1 7    0.6800     7.733   13.287    7.463   10.273
       1 7    0.6900     7.930   13.727    7.454    9.731
       1 7    0.7000     8.109   14.072    7.395    9.121
       1 7    0.7100     8.253   14.309    7.271    8.468
       1 7    0.7200     8.348   14.441    7.107    7.804
       1 7    0.7300     8.405   14.469    6.896    7.152
       1 7    0.7400     8.396   14.402    6.655    6.520
       1 7    0.7500     8.848   14.245    6.463    6.583
       1 7    0.7600     9.343   14.035    6.235    6.640
       1 7    0.7700     9.846   13.775    6.009    6.687
       1 7    0.7800    10.365   13.460    5.780    6.723
       1 7    0.7900    10.899   13.076    5.518    6.747
       1 7    0.8000    11.431   12.621    5.239    6.759
       1 7    0.8100    11.942   12.093    4.944    6.756
       1 7    0.8200    12.410   11.491    4.634    6.741
       1 7    0.8300    12.811   10.821    4.315    6.711
       1 7    0.8400    13.143   10.084    3.982    6.662
       1 7    0.8500    13.336    9.302    3.648    6.610
       1 7    0.8600    13.427    8.478    3.313    6.538
       1 7    0.8700    13.381    7.632    2.975    6.452
       1 7    0.8800    13.208    6.784    2.644    6.351
       1 7    0.8900    12.913    5.956    2.323    6.240
       1 7    0.9000    12.512    5.165    2.016    6.117
       1 7    0.9100    12.021    4.427    1.727    5.983
       1 7    0.9200    11.467    3.756    1.460    5.839
       1 7    0.9300    10.868    3.162    1.207    5.688
       1 7    0.9400    10.250    2.645    0.978    5.529
       1 7    0.9500     9.627    2.207    0.772    5.365
       1 7    0.9600     9.041    1.823    0.629    5.195
       1 7    0.9700     8.433    1.553    0.426    5.025
       1 7    0.9800     7.889    1.317    0.298    4.854
       1 7    0.9900     7.350    1.156    0.151    4.681
       1 7    1.0000     6.859    1.035    0.037    4.508
       1 7    1.0100     6.418    0.952    0.000    4.336
       1 7    1.0200     6.915    0.957    0.000    4.430
       1 7    1.0300     7.425    0.972    0.000    4.521
       1 7    1.0400     7.940    0.999    0.001    4.607
       1 7    1.0500     8.443    1.011    0.043    4.682
       1 7    1.0600     8.916    1.036    0.075    4.743
       1 7    1.0700     9.333    1.067    0.110    4.785
       1 7    1.0800     9.672    1.107    0.146    4.805
       1 7    1.0900     9.909    1.164    0.168    4.803
       1 7    1.1000    10.036    1.211    0.215    4.777
       1 7    1.1100    10.040    1.272    0.246    4.728
       1 7    1.1200     9.932    1.349    0.263    4.659
       1 7    1.1300     9.708    1.417    0.289    4.577
       1 7    1.1400     9.388    1.490    0.301    4.484
       1 7    1.1500     8.987    1.545    0.329    4.386
       1 7    1.1600     8.552    1.609    0.333    4.284
       1 7    1.1700     8.090    1.661    0.340    4.181
       1 7    1.1800     7.619    1.702    0.348    4.081
       1 7    1.1900     7.153    1.734    0.355    3.982
       1 7    1.2000     7.346    1.698    0.313    4.009
       1 7    1.2100     7.532    1.662    0.268    4.027
       1 7    1.2200     7.712    1.622    0.224    4.039
       1 7    1.2300     7.882    1.579    0.182    4.044
       1 7    1.2400     8.041    1.533    0.142    4.042
       1 7    1.2500     8.185    1.484    0.105    4.031
       1 7    1.2600     8.312    1.432    0.070    4.010
       1 7    1.2700     8.422    1.374    0.047    3.978
       1 7    1.2800     8.505    1.318    0.018    3.936
       1 7    1.2900     8.563    1.260    0.000    3.882
       1 7    1.3000     8.596    1.201    0.000    3.816
       1 7    1.3100     8.601    1.141    0.000    3.738
       1 7    1.3200     8.580    1.082    0.000    3.649
       1 7    1.3300     8.536    1.024    0.000    3.548
       1 7    1.3400     8.457    0.966    0.000    3.437
       1 7    1.3500     8.373    0.908    0.000    3.313
       1 7    1.3600     8.260    0.857    0.000    3.183
       1 7    1.3700     8.132    0.806    0.000    3.047
       1 7    1.3800     7.993    0.756    0.000    2.906
       1 7    1.3900     7.844    0.710    0.000    2.761
       1 7    1.4000     7.689    0.668    0.000    2.615
       1 7    1.4100     7.530    0.631    0.000    2.470
       1 7    1.4200     7.371    0.596    0.000    2.327
       1 7    1.4300     7.214    0.565    0.000    2.187
       1 7    1.4400     7.060    0.537    0.000    2.052
       1 7    1.4500     6.910    0.512    0.000    1.922
       1 7    1.4600     6.765    0.491    0.000    1.798
       1 7    1.4700     6.621    0.472    0.000    1.680
       1 7    1.4800     6.607    0.435    0.003    1.570
       1 7    1.4900     6.407    0.412    0.059    1.526
       1 7    1.5000     6.186    0.387    0.120    1.476
       1 7    1.5100     5.946    0.360    0.188    1.420
       1 7    1.5200     5.692    0.328    0.265    1.369
       1 7    1.5300     5.424    0.289    0.354    1.321
       1 7    1.5400     5.145    0.247    0.454    1.276
       1 7    1.5500     4.860    0.203    0.558    1.237
       1 7    1.5600     4.569    0.152    0.678    1.205
       1 7    1.5700     4.268    0.092    0.810    1.183
       1 7    1.5800     3.968    0.032    0.949    1.170
       1 7    1.5900     3.685    0.000    1.079    1.166
       1 7    1.6000     3.412    0.000    1.208    1.172
       1 7    1.6100     3.153    0.000    1.335    1.186
       1 7    1.6200     2.910    0.000    1.457    1.208
       1 7    1.6300     2.687    0.000    1.572    1.232
       1 7    1.6400     2.493    0.000    1.677    1.256
       1 7    1.6500     2.308    0.000    1.780    1.276
       1 7    1.6600     2.148    0.000    1.871    1.292
       1 7    1.6700     2.010    0.000    1.953    1.301
       1 7    1.6800     1.892    0.000    2.026    1.301
       1 7    1.6900     1.795    0.000    2.090    1.291
       1 7    1.7000     1.716    0.000    2.145    1.269
IC      Chr   Pos   910014 910002 910010 910074
       2 7    0.0100     2.410    1.449    0.540    0.832
       2 7    0.0200     2.468    1.450    0.409    0.802
       2 7    0.0300     2.516    1.410    0.291    0.777
       2 7    0.0400     2.559    1.350    0.176    0.758
       2 7    0.0500     2.594    1.266    0.081    0.745
       2 7    0.0600     2.480    1.130    0.105    0.610
       2 7    0.0700     2.359    0.988    0.129    0.478
       2 7    0.0800     2.240    0.849    0.151    0.350
       2 7    0.0900     2.100    0.698    0.181    0.234
       2 7    0.1000     1.953    0.545    0.208    0.130
       2 7    0.1100     1.796    0.393    0.237    0.039
       2 7    0.1200     1.632    0.243    0.267    0.000
       2 7    0.1300     1.461    0.099    0.296    0.000
       2 7    0.1400     1.286    0.000    0.326    0.000
       2 7    0.1500     1.108    0.000    0.356    0.000
       2 7    0.1600     0.929    0.000    0.385    0.000
       2 7    0.1700     0.751    0.000    0.414    0.000
       2 7    0.1800     0.581    0.000    0.454    0.000
       2 7    0.1900     0.412    0.000    0.468    0.000
       2 7    0.2000     0.244    0.000    0.495    0.051
       2 7    0.2100     0.097    0.000    0.513    0.135
       2 7    0.2200     0.000    0.000    0.541    0.233
       2 7    0.2300     0.000    0.000    0.562    0.336
       2 7    0.2400     0.000    0.000    0.610    0.297
       2 7    0.2500     0.000    0.000    0.658    0.256
       2 7    0.2600     0.000    0.000    0.706    0.215
       2 7    0.2700     0.000    0.000    0.755    0.173
       2 7    0.2800     0.000    0.000    0.805    0.133
       2 7    0.2900     0.000    0.000    0.851    0.092
       2 7    0.3000     0.000    0.000    0.896    0.052
       2 7    0.3100     0.000    0.000    0.944    0.014
       2 7    0.3200     0.000    0.000    0.981    0.000
       2 7    0.3300     0.000    0.000    1.017    0.000
       2 7    0.3400     0.113    0.000    1.049    0.000
       2 7    0.3500     0.293    0.000    1.075    0.000
       2 7    0.3600     0.503    0.000    1.096    0.000
       2 7    0.3700     0.740    0.000    1.111    0.000
       2 7    0.3800     0.998    0.113    1.118    0.000
       2 7    0.3900     1.279    0.299    1.118    0.000
       2 7    0.4000     1.581    0.500    1.112    0.000
       2 7    0.4100     1.901    0.715    1.098    0.000
       2 7    0.4200     2.234    0.942    1.077    0.000
       2 7    0.4300     2.576    1.179    1.049    0.000
       2 7    0.4400     2.923    1.427    1.020    0.000
       2 7    0.4500     3.276    1.678    0.979    0.000
       2 7    0.4600     3.625    1.931    0.932    0.000
       2 7    0.4700     3.971    2.185    0.882    0.000
       2 7    0.4800     4.309    2.438    0.829    0.011
       2 7    0.4900     4.639    2.686    0.769    0.043
       2 7    0.5000     4.957    2.935    0.717    0.077
       2 7    0.5100     5.261    3.170    0.654    0.111
       2 7    0.5200     5.553    3.401    0.593    0.145
       2 7    0.5300     5.806    4.070    0.981    0.141
       2 7    0.5400     6.058    4.787    1.416    0.136
       2 7    0.5500     6.297    5.544    1.905    0.130
       2 7    0.5600     6.523    6.326    2.437    0.124
       2 7    0.5700     6.732    7.119    3.006    0.118
       2 7    0.5800     6.926    7.907    3.600    0.112
       2 7    0.5900     7.096    8.673    4.206    0.105
       2 7    0.6000     7.248    9.402    4.808    0.098
       2 7    0.6100     7.380   10.083    5.402    0.092
       2 7    0.6200     7.475   10.657    5.983    0.086
       2 7    0.6300     7.828   10.839    5.814    0.130
       2 7    0.6400     8.170   10.984    5.618    0.195
       2 7    0.6500     8.500   11.086    5.389    0.281
       2 7    0.6600     8.815   11.134    5.134    0.387
       2 7    0.6700     9.103   11.124    4.851    0.510
       2 7    0.6800     9.363   11.049    4.554    0.649
       2 7    0.6900     9.592   10.907    4.241    0.793
       2 7    0.7000     9.789   10.700    3.917    0.936
       2 7    0.7100     9.958   10.436    3.578    1.067
       2 7    0.7200    10.092   10.117    3.244    1.189
       2 7    0.7300    10.196    9.752    2.917    1.296
       2 7    0.7400    10.282    9.351    2.591    1.387
       2 7    0.7500    10.296    9.481    2.499    1.279
       2 7    0.7600    10.289    9.604    2.395    1.171
       2 7    0.7700    10.260    9.719    2.290    1.060
       2 7    0.7800    10.198    9.814    2.218    0.951
       2 7    0.7900    10.110    9.894    2.148    0.841
       2 7    0.8000     9.994    9.957    2.053    0.733
       2 7    0.8100     9.850    9.980    2.007    0.630
       2 7    0.8200     9.670    9.972    1.976    0.524
       2 7    0.8300     9.458    9.928    1.922    0.429
       2 7    0.8400     9.216    9.837    1.905    0.332
       2 7    0.8500     8.957    9.694    1.914    0.241
       2 7    0.8600     8.659    9.497    1.918    0.162
       2 7    0.8700     8.346    9.249    1.955    0.079
       2 7    0.8800     8.010    8.949    1.997    0.010
       2 7    0.8900     7.657    8.606    2.020    0.000
       2 7    0.9000     7.293    8.219    2.068    0.000
       2 7    0.9100     6.936    7.800    2.145    0.000
       2 7    0.9200     6.572    7.361    2.217    0.000
       2 7    0.9300     6.211    6.911    2.296    0.000
       2 7    0.9400     5.857    6.458    2.377    0.000
       2 7    0.9500     5.511    6.013    2.460    0.000
       2 7    0.9600     5.173    5.581    2.539    0.000
       2 7    0.9700     4.864    5.167    2.632    0.000
       2 7    0.9800     4.545    4.778    2.691    0.000
       2 7    0.9900     4.260    4.411    2.772    0.000
       2 7    1.0000     3.973    4.074    2.824    0.000
       2 7    1.0100     3.714    3.758    2.888    0.000
       2 7    1.0200     3.739    3.785    2.459    0.000
       2 7    1.0300     3.759    3.787    2.018    0.000
       2 7    1.0400     3.773    3.766    1.571    0.000
       2 7    1.0500     3.784    3.722    1.130    0.000
       2 7    1.0600     3.790    3.653    0.706    0.000
       2 7    1.0700     3.792    3.560    0.314    0.000
       2 7    1.0800     3.791    3.445    0.000    0.000
       2 7    1.0900     3.787    3.313    0.000    0.000
       2 7    1.1000     3.781    3.168    0.000    0.000
       2 7    1.1100     3.775    3.013    0.000    0.000
       2 7    1.1200     3.766    2.856    0.000    0.000
       2 7    1.1300     3.753    2.694    0.000    0.000
       2 7    1.1400     3.742    2.535    0.000    0.000
       2 7    1.1500     3.729    2.380    0.000    0.000
       2 7    1.1600     3.714    2.230    0.000    0.000
       2 7    1.1700     3.701    2.091    0.000    0.000
       2 7    1.1800     3.686    1.960    0.171    0.000
       2 7    1.1900     3.672    1.840    0.456    0.000
       2 7    1.2000     3.706    1.857    0.495    0.000
       2 7    1.2100     3.745    1.880    0.558    0.000
       2 7    1.2200     3.781    1.899    0.609    0.000
       2 7    1.2300     3.814    1.922    0.672    0.000
       2 7    1.2400     3.844    1.942    0.731    0.000
       2 7    1.2500     3.870    1.965    0.799    0.000
       2 7    1.2600     3.891    1.987    0.866    0.000
       2 7    1.2700     3.907    2.009    0.937    0.000
       2 7    1.2800     3.917    2.032    1.011    0.000
       2 7    1.2900     3.920    2.054    1.086    0.000
       2 7    1.3000     3.916    2.075    1.160    0.000
       2 7    1.3100     3.905    2.095    1.237    0.000
       2 7    1.3200     3.885    2.115    1.316    0.000
       2 7    1.3300     3.855    2.135    1.395    0.000
       2 7    1.3400     3.816    2.153    1.475    0.000
       2 7    1.3500     3.766    2.170    1.555    0.000
       2 7    1.3600     3.706    2.186    1.634    0.000
       2 7    1.3700     3.633    2.200    1.713    0.007
       2 7    1.3800     3.549    2.213    1.792    0.061
       2 7    1.3900     3.453    2.224    1.869    0.113
       2 7    1.4000     3.346    2.233    1.943    0.164
       2 7    1.4100     3.228    2.240    2.016    0.211
       2 7    1.4200     3.098    2.244    2.086    0.256
       2 7    1.4300     2.959    2.244    2.154    0.298
       2 7    1.4400     2.809    2.242    2.218    0.337
       2 7    1.4500     2.651    2.237    2.279    0.373
       2 7    1.4600     2.484    2.229    2.337    0.406
       2 7    1.4700     2.310    2.217    2.391    0.436
       2 7    1.4800     2.201    2.219    2.429    0.463
       2 7    1.4900     2.019    2.156    2.341    0.530
       2 7    1.5000     1.835    2.090    2.235    0.597
       2 7    1.5100     1.650    2.021    2.117    0.664
       2 7    1.5200     1.465    1.950    1.988    0.729
       2 7    1.5300     1.286    1.879    1.852    0.794
       2 7    1.5400     1.105    1.806    1.705    0.856
       2 7    1.5500     0.929    1.734    1.550    0.914
       2 7    1.5600     0.758    1.662    1.391    0.968
       2 7    1.5700     0.593    1.592    1.229    1.016
       2 7    1.5800     0.435    1.524    1.067    1.058
       2 7    1.5900     0.286    1.458    0.909    1.092
       2 7    1.6000     0.144    1.394    0.756    1.118
       2 7    1.6100     0.011    1.332    0.612    1.136
       2 7    1.6200     0.000    1.273    0.478    1.145
       2 7    1.6300     0.000    1.218    0.358    1.146
       2 7    1.6400     0.000    1.165    0.253    1.139
       2 7    1.6500     0.000    1.115    0.164    1.124
       2 7    1.6600     0.000    1.068    0.092    1.102
       2 7    1.6700     0.000    1.023    0.034    1.072
       2 7    1.6800     0.000    0.981    0.000    1.037
       2 7    1.6900     0.000    0.942    0.000    0.998
       2 7    1.7000     0.000    0.900    0.000    0.955
IC      Chr   Pos   910014 910002 910010 910074
       3 7    0.0100     7.847    2.345    4.059    2.909
       3 7    0.0200     7.892    2.270    4.803    2.998
       3 7    0.0300     7.903    2.203    5.406    3.108
       3 7    0.0400     7.880    2.170    5.797    3.235
       3 7    0.0500     7.824    2.178    5.950    3.372
       3 7    0.0600     7.894    2.284    5.983    3.513
       3 7    0.0700     7.924    2.395    6.010    3.669
       3 7    0.0800     7.920    2.510    6.030    3.839
       3 7    0.0900     7.874    2.629    6.041    4.026
       3 7    0.1000     7.788    2.749    6.045    4.224
       3 7    0.1100     7.653    2.870    6.039    4.434
       3 7    0.1200     7.484    2.988    6.026    4.650
       3 7    0.1300     7.278    3.102    6.004    4.870
       3 7    0.1400     7.035    3.210    5.977    5.093
       3 7    0.1500     6.767    3.309    5.942    5.314
       3 7    0.1600     6.477    3.398    5.901    5.529
       3 7    0.1700     6.171    3.475    5.852    5.734
       3 7    0.1800     5.856    3.539    5.801    5.926
       3 7    0.1900     5.538    3.588    5.745    6.103
       3 7    0.2000     5.221    3.623    5.684    6.265
       3 7    0.2100     4.909    3.645    5.619    6.411
       3 7    0.2200     4.606    3.653    5.551    6.541
       3 7    0.2300     4.313    3.650    5.480    6.654
       3 7    0.2400     4.406    3.819    5.512    7.193
       3 7    0.2500     4.497    3.992    5.542    7.763
       3 7    0.2600     4.584    4.172    5.565    8.380
       3 7    0.2700     4.666    4.357    5.579    9.038
       3 7    0.2800     4.740    4.546    5.581    9.742
       3 7    0.2900     4.805    4.739    5.572   10.485
       3 7    0.3000     4.860    4.933    5.550   11.261
       3 7    0.3100     4.902    5.128    5.513   12.066
       3 7    0.3200     4.928    5.321    5.460   12.887
       3 7    0.3300     4.939    5.512    5.391   13.715
       3 7    0.3400     4.931    5.697    5.306   14.534
       3 7    0.3500     4.905    5.875    5.205   15.329
       3 7    0.3600     4.859    6.043    5.089   16.083
       3 7    0.3700     4.794    6.200    4.960   16.780
       3 7    0.3800     4.716    6.341    4.819   17.420
       3 7    0.3900     4.608    6.471    4.671   17.947
       3 7    0.4000     4.493    6.581    4.518   18.392
       3 7    0.4100     4.361    6.677    4.362   18.721
       3 7    0.4200     4.213    6.752    4.207   18.959
       3 7    0.4300     4.061    6.806    4.052   19.105
       3 7    0.4400     3.893    6.842    3.904   19.159
       3 7    0.4500     3.737    6.863    3.765   19.125
       3 7    0.4600     3.555    6.861    3.634   19.016
       3 7    0.4700     3.390    6.846    3.511   18.839
       3 7    0.4800     3.219    6.814    3.403   18.617
       3 7    0.4900     3.049    6.768    3.306   18.355
       3 7    0.5000     2.887    6.713    3.221   18.067
       3 7    0.5100     2.725    6.643    3.145   17.738
       3 7    0.5200     2.573    6.566    3.077   17.400
       3 7    0.5300     2.620    6.303    3.425   17.591
       3 7    0.5400     2.717    6.025    3.777   17.750
       3 7    0.5500     2.862    5.741    4.140   17.890
       3 7    0.5600     3.066    5.448    4.505   17.989
       3 7    0.5700     3.318    5.160    4.871   18.059
       3 7    0.5800     3.605    4.884    5.230   18.098
       3 7    0.5900     3.913    4.621    5.580   18.101
       3 7    0.6000     4.213    4.378    5.915   18.075
       3 7    0.6100     4.506    4.159    6.234   18.018
       3 7    0.6200     4.753    3.975    6.527   17.929
       3 7    0.6300     4.697    3.931    7.009   18.348
       3 7    0.6400     4.621    3.879    7.481   18.630
       3 7    0.6500     4.528    3.816    7.931   18.739
       3 7    0.6600     4.416    3.744    8.337   18.649
       3 7    0.6700     4.286    3.659    8.688   18.355
       3 7    0.6800     4.147    3.562    8.959   17.869
       3 7    0.6900     3.994    3.454    9.147   17.208
       3 7    0.7000     3.815    3.334    9.240   16.399
       3 7    0.7100     3.653    3.199    9.253   15.524
       3 7    0.7200     3.457    3.058    9.168   14.583
       3 7    0.7300     3.278    2.906    9.020   13.645
       3 7    0.7400     3.121    2.743    8.825   12.735
       3 7    0.7500     3.360    2.819    8.558   12.635
       3 7    0.7600     3.618    2.887    8.283   12.520
       3 7    0.7700     3.888    2.948    7.987   12.384
       3 7    0.7800     4.168    3.001    7.670   12.228
       3 7    0.7900     4.452    3.046    7.332   12.051
       3 7    0.8000     4.734    3.082    6.974   11.853
       3 7    0.8100     5.007    3.109    6.600   11.635
       3 7    0.8200     5.258    3.127    6.204   11.392
       3 7    0.8300     5.485    3.132    5.800   11.141
       3 7    0.8400     5.661    3.130    5.380   10.860
       3 7    0.8500     5.796    3.120    4.948   10.565
       3 7    0.8600     5.870    3.101    4.517   10.260
       3 7    0.8700     5.885    3.077    4.081    9.935
       3 7    0.8800     5.836    3.048    3.652    9.600
       3 7    0.8900     5.727    3.016    3.229    9.255
       3 7    0.9000     5.563    2.983    2.818    8.901
       3 7    0.9100     5.354    2.950    2.421    8.543
       3 7    0.9200     5.108    2.917    2.041    8.180
       3 7    0.9300     4.836    2.885    1.680    7.816
       3 7    0.9400     4.548    2.855    1.341    7.452
       3 7    0.9500     4.253    2.826    1.023    7.090
       3 7    0.9600     3.959    2.799    0.728    6.732
       3 7    0.9700     3.671    2.773    0.456    6.378
       3 7    0.9800     3.394    2.747    0.206    6.030
       3 7    0.9900     3.131    2.724    0.000    5.689
       3 7    1.0000     2.888    2.699    0.000    5.356
       3 7    1.0100     2.660    2.674    0.000    5.035
       3 7    1.0200     2.752    2.844    0.000    5.126
       3 7    1.0300     2.829    3.039    0.000    5.207
       3 7    1.0400     2.907    3.257    0.000    5.283
       3 7    1.0500     2.942    3.509    0.031    5.348
       3 7    1.0600     2.954    3.792    0.150    5.391
       3 7    1.0700     2.932    4.107    0.270    5.423
       3 7    1.0800     2.872    4.457    0.384    5.423
       3 7    1.0900     2.771    4.836    0.493    5.399
       3 7    1.1000     2.637    5.233    0.600    5.349
       3 7    1.1100     2.462    5.651    0.689    5.274
       3 7    1.1200     2.258    6.066    0.776    5.179
       3 7    1.1300     2.033    6.472    0.855    5.068
       3 7    1.1400     1.795    6.857    0.925    4.946
       3 7    1.1500     1.556    7.210    0.988    4.814
       3 7    1.1600     1.320    7.519    1.052    4.682
       3 7    1.1700     1.093    7.779    1.115    4.549
       3 7    1.1800     0.878    7.986    1.178    4.419
       3 7    1.1900     0.678    8.141    1.244    4.292
       3 7    1.2000     0.761    8.080    1.173    4.333
       3 7    1.2100     0.852    7.999    1.104    4.367
       3 7    1.2200     0.945    7.903    1.034    4.393
       3 7    1.2300     1.042    7.790    0.967    4.411
       3 7    1.2400     1.141    7.658    0.904    4.419
       3 7    1.2500     1.242    7.509    0.844    4.418
       3 7    1.2600     1.344    7.343    0.787    4.406
       3 7    1.2700     1.446    7.161    0.734    4.381
       3 7    1.2800     1.548    6.963    0.684    4.344
       3 7    1.2900     1.647    6.751    0.638    4.293
       3 7    1.3000     1.743    6.529    0.592    4.224
       3 7    1.3100     1.836    6.292    0.553    4.147
       3 7    1.3200     1.924    6.046    0.516    4.056
       3 7    1.3300     2.009    5.792    0.482    3.951
       3 7    1.3400     2.099    5.530    0.459    3.833
       3 7    1.3500     2.174    5.270    0.429    3.702
       3 7    1.3600     2.261    5.009    0.398    3.554
       3 7    1.3700     2.323    4.746    0.379    3.407
       3 7    1.3800     2.417    4.492    0.352    3.240
       3 7    1.3900     2.478    4.236    0.333    3.078
       3 7    1.4000     2.558    3.992    0.310    2.908
       3 7    1.4100     2.628    3.753    0.290    2.740
       3 7    1.4200     2.705    3.523    0.268    2.570
       3 7    1.4300     2.776    3.305    0.251    2.405
       3 7    1.4400     2.853    3.094    0.229    2.241
       3 7    1.4500     2.927    2.895    0.213    2.085
       3 7    1.4600     2.999    2.703    0.198    1.934
       3 7    1.4700     3.078    2.528    0.178    1.789
       3 7    1.4800     3.233    2.267    0.171    1.653
       3 7    1.4900     3.291    2.237    0.355    1.639
       3 7    1.5000     3.334    2.201    0.562    1.616
       3 7    1.5100     3.378    2.161    0.778    1.590
       3 7    1.5200     3.392    2.117    1.002    1.557
       3 7    1.5300     3.405    2.071    1.235    1.520
       3 7    1.5400     3.396    2.018    1.485    1.476
       3 7    1.5500     3.375    1.965    1.736    1.428
       3 7    1.5600     3.341    1.907    1.986    1.376
       3 7    1.5700     3.291    1.846    2.230    1.321
       3 7    1.5800     3.235    1.787    2.473    1.262
       3 7    1.5900     3.167    1.723    2.699    1.203
       3 7    1.6000     3.090    1.661    2.918    1.142
       3 7    1.6100     3.006    1.598    3.117    1.080
       3 7    1.6200     2.919    1.535    3.297    1.020
       3 7    1.6300     2.825    1.472    3.458    0.961
       3 7    1.6400     2.733    1.409    3.597    0.904
       3 7    1.6500     2.639    1.347    3.719    0.848
       3 7    1.6600     2.548    1.287    3.824    0.796
       3 7    1.6700     2.458    1.229    3.902    0.745
       3 7    1.6800     2.372    1.172    3.968    0.695
       3 7    1.6900     2.289    1.116    4.022    0.647
       3 7    1.7000     2.212    1.062    4.060    0.602
