  ********************************************* 
  This file is invalid if interaction qtl case 
  ********************************************* 
   Chr  Pos     910014   910016   910071   910084
   1   0.010    0.03    0.17    0.07   -0.11
   1   0.020    0.03    0.17    0.07   -0.11
   1   0.030    0.03    0.16    0.07   -0.11
   1   0.040    0.03    0.14    0.08   -0.11
   1   0.050    0.03    0.12    0.08   -0.11
   1   0.060    0.04    0.11    0.08   -0.11
   1   0.070    0.04    0.10    0.08   -0.12
   1   0.080    0.04    0.08    0.08   -0.12
   1   0.090    0.04    0.07    0.08   -0.12
   1   0.100    0.05    0.05    0.08   -0.12
   1   0.110    0.05    0.03    0.08   -0.12
   1   0.120    0.06    0.01    0.08   -0.12
   1   0.130    0.06   -0.01    0.08   -0.11
   1   0.140    0.06   -0.03    0.08   -0.11
   1   0.150    0.07   -0.06    0.07   -0.11
   1   0.160    0.07   -0.08    0.07   -0.11
   1   0.170    0.07   -0.10    0.07   -0.10
   1   0.180    0.08   -0.11    0.07   -0.10
   1   0.190    0.08   -0.13    0.06   -0.09
   1   0.200    0.08   -0.14    0.06   -0.09
   1   0.210    0.08   -0.16    0.06   -0.08
   1   0.220    0.08   -0.17    0.05   -0.08
   1   0.230    0.08   -0.17    0.05   -0.07
   1   0.240    0.08   -0.19    0.04   -0.09
   1   0.250    0.07   -0.20    0.04   -0.10
   1   0.260    0.07   -0.22    0.03   -0.12
   1   0.270    0.07   -0.23    0.02   -0.14
   1   0.280    0.07   -0.25    0.02   -0.16
   1   0.290    0.07   -0.27    0.01   -0.19
   1   0.300    0.07   -0.28   -0.00   -0.21
   1   0.310    0.07   -0.30   -0.01   -0.24
   1   0.320    0.06   -0.32   -0.02   -0.26
   1   0.330    0.06   -0.33   -0.03   -0.29
   1   0.340    0.06   -0.35   -0.04   -0.31
   1   0.350    0.06   -0.36   -0.05   -0.33
   1   0.360    0.05   -0.38   -0.06   -0.36
   1   0.370    0.05   -0.39   -0.07   -0.38
   1   0.380    0.04   -0.41   -0.08   -0.39
   1   0.390    0.04   -0.42   -0.09   -0.40
   1   0.400    0.03   -0.43   -0.10   -0.41
   1   0.410    0.03   -0.44   -0.11   -0.42
   1   0.420    0.02   -0.45   -0.12   -0.42
   1   0.430    0.02   -0.45   -0.12   -0.42
   1   0.440    0.01   -0.46   -0.13   -0.42
   1   0.450    0.01   -0.47   -0.14   -0.41
   1   0.460    0.00   -0.47   -0.15   -0.41
   1   0.470   -0.00   -0.47   -0.15   -0.39
   1   0.480   -0.01   -0.48   -0.16   -0.39
   1   0.490   -0.01   -0.48   -0.16   -0.37
   1   0.500   -0.02   -0.48   -0.17   -0.36
   1   0.510   -0.03   -0.47   -0.17   -0.35
   1   0.520   -0.03   -0.47   -0.18   -0.34
   1   0.530   -0.06   -0.49   -0.18   -0.34
   1   0.540   -0.10   -0.51   -0.18   -0.35
   1   0.550   -0.13   -0.53   -0.18   -0.35
   1   0.560   -0.17   -0.55   -0.19   -0.36
   1   0.570   -0.21   -0.56   -0.19   -0.36
   1   0.580   -0.25   -0.57   -0.20   -0.36
   1   0.590   -0.28   -0.57   -0.20   -0.36
   1   0.600   -0.31   -0.58   -0.21   -0.36
   1   0.610   -0.34   -0.58   -0.22   -0.36
   1   0.620   -0.36   -0.57   -0.23   -0.35
   1   0.630   -0.38   -0.61   -0.24   -0.38
   1   0.640   -0.40   -0.64   -0.26   -0.40
   1   0.650   -0.42   -0.67   -0.27   -0.41
   1   0.660   -0.44   -0.69   -0.29   -0.42
   1   0.670   -0.45   -0.71   -0.29   -0.42
   1   0.680   -0.47   -0.73   -0.30   -0.42
   1   0.690   -0.47   -0.74   -0.30   -0.41
   1   0.700   -0.48   -0.74   -0.29   -0.39
   1   0.710   -0.48   -0.74   -0.29   -0.36
   1   0.720   -0.47   -0.74   -0.28   -0.34
   1   0.730   -0.47   -0.72   -0.26   -0.31
   1   0.740   -0.46   -0.71   -0.25   -0.29
   1   0.750   -0.49   -0.73   -0.26   -0.29
   1   0.760   -0.52   -0.76   -0.26   -0.30
   1   0.770   -0.56   -0.78   -0.27   -0.31
   1   0.780   -0.59   -0.79   -0.27   -0.32
   1   0.790   -0.63   -0.81   -0.27   -0.33
   1   0.800   -0.67   -0.82   -0.27   -0.33
   1   0.810   -0.70   -0.83   -0.27   -0.34
   1   0.820   -0.73   -0.84   -0.27   -0.35
   1   0.830   -0.75   -0.83   -0.27   -0.35
   1   0.840   -0.78   -0.83   -0.26   -0.36
   1   0.850   -0.79   -0.81   -0.26   -0.36
   1   0.860   -0.80   -0.78   -0.25   -0.36
   1   0.870   -0.80   -0.75   -0.24   -0.36
   1   0.880   -0.80   -0.70   -0.23   -0.36
   1   0.890   -0.79   -0.66   -0.22   -0.36
   1   0.900   -0.77   -0.60   -0.21   -0.36
   1   0.910   -0.75   -0.55   -0.19   -0.36
   1   0.920   -0.72   -0.49   -0.18   -0.35
   1   0.930   -0.69   -0.43   -0.17   -0.35
   1   0.940   -0.66   -0.37   -0.16   -0.34
   1   0.950   -0.62   -0.31   -0.14   -0.34
   1   0.960   -0.59   -0.26   -0.13   -0.33
   1   0.970   -0.55   -0.21   -0.12   -0.32
   1   0.980   -0.52   -0.16   -0.11   -0.32
   1   0.990   -0.49   -0.12   -0.10   -0.31
   1   1.000   -0.46   -0.09   -0.09   -0.30
   1   1.010   -0.43   -0.05   -0.08   -0.29
   1   1.020   -0.46   -0.05   -0.09   -0.31
   1   1.030   -0.49   -0.04   -0.10   -0.33
   1   1.040   -0.52   -0.02   -0.11   -0.34
   1   1.050   -0.55   -0.01   -0.12   -0.36
   1   1.060   -0.58    0.01   -0.13   -0.37
   1   1.070   -0.60    0.03   -0.14   -0.38
   1   1.080   -0.62    0.05   -0.15   -0.38
   1   1.090   -0.64    0.07   -0.16   -0.38
   1   1.100   -0.64    0.09   -0.17   -0.38
   1   1.110   -0.64    0.11   -0.18   -0.37
   1   1.120   -0.63    0.13   -0.18   -0.36
   1   1.130   -0.61    0.14   -0.19   -0.34
   1   1.140   -0.59    0.16   -0.19   -0.32
   1   1.150   -0.57    0.17   -0.19   -0.30
   1   1.160   -0.55    0.17   -0.19   -0.28
   1   1.170   -0.52    0.18   -0.19   -0.26
   1   1.180   -0.49    0.18   -0.19   -0.24
   1   1.190   -0.46    0.18   -0.19   -0.22
   1   1.200   -0.47    0.18   -0.19   -0.22
   1   1.210   -0.49    0.19   -0.19   -0.22
   1   1.220   -0.50    0.19   -0.19   -0.22
   1   1.230   -0.52    0.19   -0.19   -0.22
   1   1.240   -0.53    0.20   -0.19   -0.22
   1   1.250   -0.54    0.20   -0.19   -0.22
   1   1.260   -0.55    0.20   -0.19   -0.22
   1   1.270   -0.56    0.20   -0.19   -0.22
   1   1.280   -0.57    0.20   -0.19   -0.22
   1   1.290   -0.58    0.21   -0.19   -0.21
   1   1.300   -0.58    0.21   -0.18   -0.21
   1   1.310   -0.58    0.21   -0.18   -0.21
   1   1.320   -0.58    0.21   -0.18   -0.20
   1   1.330   -0.58    0.21   -0.17   -0.19
   1   1.340   -0.58    0.21   -0.17   -0.19
   1   1.350   -0.57    0.21   -0.17   -0.17
   1   1.360   -0.56    0.21   -0.16   -0.17
   1   1.370   -0.55    0.21   -0.16   -0.16
   1   1.380   -0.54    0.21   -0.15   -0.15
   1   1.390   -0.53    0.21   -0.15   -0.14
   1   1.400   -0.51    0.20   -0.14   -0.13
   1   1.410   -0.50    0.20   -0.14   -0.12
   1   1.420   -0.48    0.20   -0.13   -0.11
   1   1.430   -0.47    0.20   -0.12   -0.10
   1   1.440   -0.45    0.20   -0.12   -0.09
   1   1.450   -0.43    0.20   -0.11   -0.08
   1   1.460   -0.42    0.20   -0.10   -0.07
   1   1.470   -0.40    0.20   -0.10   -0.06
   1   1.480   -0.39    0.20   -0.09   -0.05
   1   1.490   -0.39    0.21   -0.10   -0.04
   1   1.500   -0.38    0.21   -0.11   -0.03
   1   1.510   -0.38    0.21   -0.12   -0.02
   1   1.520   -0.37    0.20   -0.13   -0.01
   1   1.530   -0.37    0.20   -0.14    0.01
   1   1.540   -0.36    0.20   -0.15    0.03
   1   1.550   -0.35    0.19   -0.17    0.04
   1   1.560   -0.33    0.19   -0.18    0.07
   1   1.570   -0.32    0.19   -0.19    0.09
   1   1.580   -0.30    0.18   -0.20    0.11
   1   1.590   -0.28    0.18   -0.21    0.14
   1   1.600   -0.26    0.17   -0.21    0.16
   1   1.610   -0.24    0.17   -0.22    0.18
   1   1.620   -0.22    0.16   -0.23    0.20
   1   1.630   -0.20    0.16   -0.23    0.22
   1   1.640   -0.18    0.15   -0.24    0.24
   1   1.650   -0.15    0.15   -0.24    0.25
   1   1.660   -0.13    0.14   -0.24    0.26
   1   1.670   -0.11    0.14   -0.24    0.27
   1   1.680   -0.09    0.14   -0.24    0.27
   1   1.690   -0.08    0.13   -0.24    0.28
   1   1.700   -0.06    0.13   -0.24    0.28
  ********************************************* 
  This file is invalid if interaction qtl case 
  ********************************************* 
   Chr  Pos     910014   910016   910071   910084
   1   0.010    0.23   -0.30    0.07    0.19
   1   0.020    0.23   -0.30    0.07    0.19
   1   0.030    0.23   -0.29    0.06    0.19
   1   0.040    0.23   -0.28    0.04    0.19
   1   0.050    0.23   -0.26    0.03    0.18
   1   0.060    0.24   -0.26    0.03    0.18
   1   0.070    0.24   -0.25    0.03    0.17
   1   0.080    0.25   -0.25    0.02    0.16
   1   0.090    0.25   -0.24    0.02    0.14
   1   0.100    0.26   -0.23    0.02    0.13
   1   0.110    0.26   -0.22    0.01    0.11
   1   0.120    0.26   -0.21    0.01    0.10
   1   0.130    0.26   -0.19    0.00    0.08
   1   0.140    0.25   -0.17   -0.00    0.06
   1   0.150    0.25   -0.15   -0.01    0.04
   1   0.160    0.24   -0.13   -0.01    0.02
   1   0.170    0.23   -0.11   -0.02    0.00
   1   0.180    0.22   -0.09   -0.02   -0.02
   1   0.190    0.21   -0.07   -0.03   -0.03
   1   0.200    0.20   -0.05   -0.03   -0.05
   1   0.210    0.19   -0.04   -0.03   -0.07
   1   0.220    0.18   -0.02   -0.04   -0.08
   1   0.230    0.17   -0.01   -0.04   -0.09
   1   0.240    0.16    0.00   -0.04   -0.09
   1   0.250    0.16    0.01   -0.04   -0.09
   1   0.260    0.16    0.02   -0.04   -0.09
   1   0.270    0.16    0.03   -0.04   -0.09
   1   0.280    0.15    0.05   -0.04   -0.09
   1   0.290    0.15    0.06   -0.04   -0.09
   1   0.300    0.15    0.07   -0.04   -0.09
   1   0.310    0.14    0.09   -0.04   -0.08
   1   0.320    0.14    0.10   -0.04   -0.08
   1   0.330    0.14    0.12   -0.04   -0.08
   1   0.340    0.13    0.13   -0.05   -0.07
   1   0.350    0.13    0.14   -0.05   -0.07
   1   0.360    0.13    0.16   -0.05   -0.06
   1   0.370    0.12    0.17   -0.05   -0.05
   1   0.380    0.12    0.19   -0.06   -0.05
   1   0.390    0.12    0.20   -0.06   -0.04
   1   0.400    0.12    0.21   -0.06   -0.03
   1   0.410    0.11    0.23   -0.06   -0.03
   1   0.420    0.11    0.24   -0.06   -0.02
   1   0.430    0.11    0.25   -0.07   -0.01
   1   0.440    0.11    0.26   -0.07   -0.01
   1   0.450    0.11    0.27   -0.07   -0.00
   1   0.460    0.11    0.28   -0.07    0.00
   1   0.470    0.11    0.29   -0.07    0.01
   1   0.480    0.11    0.29   -0.07    0.01
   1   0.490    0.11    0.30   -0.07    0.02
   1   0.500    0.11    0.31   -0.07    0.02
   1   0.510    0.11    0.31   -0.06    0.02
   1   0.520    0.11    0.31   -0.06    0.02
   1   0.530    0.11    0.33   -0.07    0.02
   1   0.540    0.11    0.35   -0.08    0.03
   1   0.550    0.12    0.37   -0.09    0.03
   1   0.560    0.11    0.39   -0.10    0.03
   1   0.570    0.11    0.40   -0.11    0.03
   1   0.580    0.11    0.41   -0.11    0.03
   1   0.590    0.10    0.42   -0.12    0.03
   1   0.600    0.09    0.42   -0.12    0.03
   1   0.610    0.08    0.42   -0.12    0.03
   1   0.620    0.07    0.42   -0.12    0.03
   1   0.630    0.08    0.44   -0.12    0.05
   1   0.640    0.09    0.46   -0.12    0.07
   1   0.650    0.10    0.48   -0.11    0.09
   1   0.660    0.11    0.49   -0.11    0.11
   1   0.670    0.11    0.50   -0.10    0.13
   1   0.680    0.12    0.50   -0.10    0.15
   1   0.690    0.12    0.50   -0.09    0.17
   1   0.700    0.12    0.50   -0.08    0.18
   1   0.710    0.12    0.49   -0.07    0.19
   1   0.720    0.12    0.49   -0.06    0.19
   1   0.730    0.12    0.47   -0.05    0.19
   1   0.740    0.11    0.46   -0.05    0.19
   1   0.750    0.12    0.48   -0.06    0.19
   1   0.760    0.12    0.50   -0.07    0.18
   1   0.770    0.13    0.52   -0.08    0.18
   1   0.780    0.13    0.55   -0.10    0.18
   1   0.790    0.14    0.57   -0.11    0.17
   1   0.800    0.14    0.59   -0.13    0.17
   1   0.810    0.14    0.61   -0.14    0.16
   1   0.820    0.14    0.63   -0.16    0.15
   1   0.830    0.14    0.64   -0.18    0.15
   1   0.840    0.14    0.66   -0.20    0.14
   1   0.850    0.13    0.66   -0.21    0.13
   1   0.860    0.13    0.67   -0.23    0.12
   1   0.870    0.12    0.66   -0.25    0.11
   1   0.880    0.11    0.66   -0.26    0.10
   1   0.890    0.10    0.64   -0.28    0.09
   1   0.900    0.09    0.62   -0.29    0.08
   1   0.910    0.07    0.60   -0.30    0.06
   1   0.920    0.06    0.57   -0.32    0.05
   1   0.930    0.05    0.54   -0.33    0.04
   1   0.940    0.04    0.50   -0.33    0.03
   1   0.950    0.02    0.47   -0.34    0.02
   1   0.960    0.01    0.43   -0.34    0.02
   1   0.970    0.00    0.40   -0.35    0.01
   1   0.980   -0.01    0.37   -0.35   -0.00
   1   0.990   -0.02    0.34   -0.35   -0.01
   1   1.000   -0.02    0.31   -0.35   -0.01
   1   1.010   -0.03    0.28   -0.34   -0.02
   1   1.020   -0.03    0.30   -0.33   -0.02
   1   1.030   -0.03    0.31   -0.32   -0.02
   1   1.040   -0.03    0.32   -0.31   -0.02
   1   1.050   -0.03    0.33   -0.29   -0.02
   1   1.060   -0.02    0.34   -0.26   -0.02
   1   1.070   -0.02    0.35   -0.23   -0.02
   1   1.080   -0.01    0.35   -0.19   -0.02
   1   1.090   -0.00    0.34   -0.15   -0.02
   1   1.100    0.00    0.34   -0.11   -0.02
   1   1.110    0.01    0.33   -0.06   -0.02
   1   1.120    0.02    0.32   -0.02   -0.01
   1   1.130    0.03    0.31    0.02   -0.01
   1   1.140    0.03    0.30    0.06   -0.01
   1   1.150    0.04    0.29    0.10   -0.00
   1   1.160    0.05    0.27    0.14   -0.00
   1   1.170    0.05    0.26    0.16    0.00
   1   1.180    0.06    0.25    0.19    0.00
   1   1.190    0.06    0.23    0.21    0.00
   1   1.200    0.06    0.24    0.22    0.01
   1   1.210    0.07    0.24    0.23    0.01
   1   1.220    0.07    0.25    0.24    0.01
   1   1.230    0.07    0.26    0.25    0.02
   1   1.240    0.07    0.26    0.26    0.02
   1   1.250    0.07    0.27    0.27    0.02
   1   1.260    0.07    0.28    0.27    0.03
   1   1.270    0.07    0.28    0.28    0.03
   1   1.280    0.07    0.29    0.29    0.04
   1   1.290    0.07    0.30    0.30    0.04
   1   1.300    0.07    0.31    0.31    0.04
   1   1.310    0.06    0.31    0.32    0.05
   1   1.320    0.06    0.32    0.33    0.05
   1   1.330    0.06    0.33    0.33    0.05
   1   1.340    0.05    0.33    0.34    0.06
   1   1.350    0.05    0.34    0.35    0.06
   1   1.360    0.05    0.35    0.35    0.06
   1   1.370    0.04    0.35    0.36    0.06
   1   1.380    0.04    0.36    0.36    0.07
   1   1.390    0.03    0.37    0.36    0.07
   1   1.400    0.03    0.37    0.37    0.07
   1   1.410    0.02    0.38    0.37    0.07
   1   1.420    0.01    0.38    0.37    0.07
   1   1.430    0.01    0.38    0.37    0.07
   1   1.440    0.01    0.39    0.37    0.07
   1   1.450    0.00    0.39    0.37    0.07
   1   1.460   -0.00    0.39    0.37    0.07
   1   1.470   -0.00    0.39    0.37    0.06
   1   1.480   -0.01    0.43    0.37    0.06
   1   1.490   -0.00    0.43    0.37    0.07
   1   1.500    0.00    0.43    0.37    0.08
   1   1.510    0.00    0.43    0.37    0.08
   1   1.520    0.01    0.42    0.37    0.09
   1   1.530    0.01    0.42    0.36    0.10
   1   1.540    0.02    0.41    0.36    0.11
   1   1.550    0.02    0.41    0.35    0.12
   1   1.560    0.02    0.40    0.33    0.13
   1   1.570    0.03    0.39    0.32    0.14
   1   1.580    0.03    0.38    0.30    0.15
   1   1.590    0.04    0.37    0.28    0.16
   1   1.600    0.04    0.36    0.26    0.17
   1   1.610    0.04    0.35    0.24    0.19
   1   1.620    0.05    0.34    0.22    0.20
   1   1.630    0.05    0.33    0.19    0.21
   1   1.640    0.06    0.32    0.17    0.22
   1   1.650    0.06    0.31    0.14    0.22
   1   1.660    0.06    0.30    0.11    0.23
   1   1.670    0.06    0.29    0.09    0.23
   1   1.680    0.07    0.28    0.07    0.24
   1   1.690    0.07    0.27    0.05    0.24
   1   1.700    0.07    0.26    0.03    0.24
  ********************************************* 
  This file is invalid if interaction qtl case 
  ********************************************* 
   Chr  Pos     910014   910016   910071   910084
   1   0.010   -0.18   -0.11    0.22   -0.38
   1   0.020   -0.18   -0.11    0.21   -0.38
   1   0.030   -0.18   -0.11    0.21   -0.38
   1   0.040   -0.18   -0.11    0.20   -0.38
   1   0.050   -0.18   -0.10    0.21   -0.37
   1   0.060   -0.18   -0.12    0.21   -0.38
   1   0.070   -0.18   -0.13    0.21   -0.38
   1   0.080   -0.18   -0.15    0.20   -0.38
   1   0.090   -0.18   -0.16    0.20   -0.38
   1   0.100   -0.18   -0.18    0.20   -0.38
   1   0.110   -0.17   -0.20    0.19   -0.38
   1   0.120   -0.17   -0.21    0.18   -0.38
   1   0.130   -0.16   -0.23    0.18   -0.37
   1   0.140   -0.15   -0.24    0.17   -0.36
   1   0.150   -0.14   -0.25    0.16   -0.35
   1   0.160   -0.13   -0.26    0.15   -0.33
   1   0.170   -0.12   -0.26    0.14   -0.32
   1   0.180   -0.11   -0.27    0.12   -0.30
   1   0.190   -0.09   -0.27    0.11   -0.29
   1   0.200   -0.08   -0.27    0.10   -0.27
   1   0.210   -0.07   -0.27    0.09   -0.25
   1   0.220   -0.06   -0.27    0.08   -0.23
   1   0.230   -0.05   -0.27    0.07   -0.22
   1   0.240   -0.05   -0.28    0.06   -0.24
   1   0.250   -0.05   -0.29    0.05   -0.26
   1   0.260   -0.05   -0.31    0.05   -0.29
   1   0.270   -0.04   -0.32    0.04   -0.32
   1   0.280   -0.04   -0.33    0.03   -0.35
   1   0.290   -0.04   -0.35    0.02   -0.38
   1   0.300   -0.04   -0.36    0.01   -0.41
   1   0.310   -0.04   -0.37    0.00   -0.44
   1   0.320   -0.04   -0.39   -0.01   -0.47
   1   0.330   -0.04   -0.40   -0.02   -0.50
   1   0.340   -0.04   -0.41   -0.03   -0.53
   1   0.350   -0.04   -0.42   -0.04   -0.55
   1   0.360   -0.04   -0.43   -0.05   -0.57
   1   0.370   -0.04   -0.44   -0.06   -0.59
   1   0.380   -0.04   -0.45   -0.08   -0.61
   1   0.390   -0.04   -0.46   -0.09   -0.61
   1   0.400   -0.04   -0.46   -0.10   -0.62
   1   0.410   -0.05   -0.47   -0.11   -0.61
   1   0.420   -0.05   -0.47   -0.12   -0.61
   1   0.430   -0.05   -0.47   -0.14   -0.60
   1   0.440   -0.05   -0.48   -0.15   -0.58
   1   0.450   -0.05   -0.47   -0.16   -0.56
   1   0.460   -0.05   -0.47   -0.17   -0.55
   1   0.470   -0.06   -0.47   -0.18   -0.53
   1   0.480   -0.06   -0.47   -0.19   -0.51
   1   0.490   -0.06   -0.46   -0.20   -0.48
   1   0.500   -0.06   -0.46   -0.21   -0.46
   1   0.510   -0.06   -0.45   -0.21   -0.44
   1   0.520   -0.06   -0.44   -0.22   -0.42
   1   0.530   -0.09   -0.42   -0.23   -0.43
   1   0.540   -0.12   -0.40   -0.24   -0.43
   1   0.550   -0.15   -0.38   -0.25   -0.43
   1   0.560   -0.18   -0.34   -0.26   -0.44
   1   0.570   -0.20   -0.31   -0.27   -0.43
   1   0.580   -0.23   -0.27   -0.28   -0.43
   1   0.590   -0.26   -0.24   -0.30   -0.43
   1   0.600   -0.28   -0.20   -0.31   -0.42
   1   0.610   -0.29   -0.17   -0.32   -0.41
   1   0.620   -0.30   -0.13   -0.33   -0.41
   1   0.630   -0.32   -0.15   -0.37   -0.43
   1   0.640   -0.33   -0.16   -0.40   -0.46
   1   0.650   -0.33   -0.17   -0.42   -0.48
   1   0.660   -0.34   -0.18   -0.45   -0.49
   1   0.670   -0.34   -0.19   -0.47   -0.49
   1   0.680   -0.34   -0.20   -0.48   -0.48
   1   0.690   -0.34   -0.21   -0.49   -0.46
   1   0.700   -0.34   -0.22   -0.49   -0.44
   1   0.710   -0.33   -0.22   -0.48   -0.41
   1   0.720   -0.32   -0.22   -0.47   -0.38
   1   0.730   -0.31   -0.22   -0.45   -0.35
   1   0.740   -0.30   -0.22   -0.43   -0.31
   1   0.750   -0.32   -0.22   -0.44   -0.32
   1   0.760   -0.35   -0.23   -0.45   -0.33
   1   0.770   -0.37   -0.23   -0.46   -0.34
   1   0.780   -0.40   -0.23   -0.46   -0.35
   1   0.790   -0.42   -0.23   -0.47   -0.36
   1   0.800   -0.44   -0.23   -0.47   -0.36
   1   0.810   -0.47   -0.23   -0.47   -0.37
   1   0.820   -0.49   -0.22   -0.47   -0.38
   1   0.830   -0.51   -0.22   -0.47   -0.39
   1   0.840   -0.53   -0.21   -0.46   -0.39
   1   0.850   -0.54   -0.20   -0.45   -0.39
   1   0.860   -0.55   -0.18   -0.44   -0.40
   1   0.870   -0.55   -0.17   -0.42   -0.40
   1   0.880   -0.55   -0.15   -0.41   -0.40
   1   0.890   -0.54   -0.13   -0.39   -0.40
   1   0.900   -0.53   -0.11   -0.37   -0.40
   1   0.910   -0.51   -0.09   -0.35   -0.40
   1   0.920   -0.49   -0.07   -0.33   -0.39
   1   0.930   -0.47   -0.05   -0.31   -0.39
   1   0.940   -0.45   -0.03   -0.29   -0.38
   1   0.950   -0.43   -0.01   -0.27   -0.38
   1   0.960   -0.41    0.01   -0.25   -0.37
   1   0.970   -0.38    0.03   -0.23   -0.37
   1   0.980   -0.36    0.04   -0.21   -0.36
   1   0.990   -0.34    0.05   -0.19   -0.35
   1   1.000   -0.32    0.06   -0.17   -0.35
   1   1.010   -0.30    0.07   -0.16   -0.34
   1   1.020   -0.31    0.09   -0.17   -0.36
   1   1.030   -0.33    0.12   -0.18   -0.38
   1   1.040   -0.34    0.15   -0.20   -0.40
   1   1.050   -0.36    0.18   -0.21   -0.41
   1   1.060   -0.36    0.21   -0.22   -0.43
   1   1.070   -0.37    0.25   -0.23   -0.43
   1   1.080   -0.38    0.29   -0.24   -0.44
   1   1.090   -0.38    0.32   -0.25   -0.44
   1   1.100   -0.37    0.35   -0.26   -0.43
   1   1.110   -0.36    0.38   -0.27   -0.42
   1   1.120   -0.35    0.41   -0.27   -0.41
   1   1.130   -0.34    0.42   -0.28   -0.39
   1   1.140   -0.32    0.44   -0.28   -0.37
   1   1.150   -0.30    0.44   -0.28   -0.34
   1   1.160   -0.28    0.44   -0.28   -0.32
   1   1.170   -0.26    0.44   -0.27   -0.29
   1   1.180   -0.24    0.43   -0.27   -0.27
   1   1.190   -0.22    0.42   -0.27   -0.25
   1   1.200   -0.24    0.43   -0.27   -0.25
   1   1.210   -0.25    0.44   -0.27   -0.25
   1   1.220   -0.26    0.44   -0.27   -0.26
   1   1.230   -0.27    0.45   -0.28   -0.26
   1   1.240   -0.28    0.46   -0.28   -0.26
   1   1.250   -0.29    0.46   -0.28   -0.27
   1   1.260   -0.30    0.47   -0.28   -0.27
   1   1.270   -0.31    0.47   -0.28   -0.27
   1   1.280   -0.32    0.47   -0.28   -0.27
   1   1.290   -0.32    0.47   -0.28   -0.27
   1   1.300   -0.33    0.47   -0.28   -0.27
   1   1.310   -0.33    0.48   -0.28   -0.27
   1   1.320   -0.34    0.48   -0.28   -0.27
   1   1.330   -0.34    0.48   -0.28   -0.26
   1   1.340   -0.35    0.47   -0.28   -0.26
   1   1.350   -0.35    0.47   -0.27   -0.25
   1   1.360   -0.34    0.46   -0.27   -0.24
   1   1.370   -0.34    0.46   -0.27   -0.24
   1   1.380   -0.34    0.45   -0.26   -0.22
   1   1.390   -0.33    0.44   -0.25   -0.22
   1   1.400   -0.33    0.44   -0.25   -0.21
   1   1.410   -0.32    0.43   -0.24   -0.20
   1   1.420   -0.32    0.42   -0.24   -0.19
   1   1.430   -0.31    0.41   -0.23   -0.17
   1   1.440   -0.30    0.40   -0.22   -0.17
   1   1.450   -0.29    0.39   -0.21   -0.15
   1   1.460   -0.29    0.38   -0.21   -0.14
   1   1.470   -0.28    0.37   -0.20   -0.13
   1   1.480   -0.27    0.38   -0.19   -0.12
   1   1.490   -0.28    0.37   -0.20   -0.13
   1   1.500   -0.28    0.36   -0.22   -0.13
   1   1.510   -0.28    0.35   -0.23   -0.13
   1   1.520   -0.28    0.33   -0.24   -0.13
   1   1.530   -0.28    0.32   -0.25   -0.13
   1   1.540   -0.28    0.30   -0.26   -0.13
   1   1.550   -0.28    0.29   -0.27   -0.12
   1   1.560   -0.28    0.27   -0.28   -0.12
   1   1.570   -0.27    0.25   -0.28   -0.11
   1   1.580   -0.27    0.24   -0.29   -0.11
   1   1.590   -0.26    0.22   -0.29   -0.10
   1   1.600   -0.25    0.21   -0.29   -0.09
   1   1.610   -0.24    0.19   -0.29   -0.08
   1   1.620   -0.23    0.18   -0.29   -0.07
   1   1.630   -0.22    0.17   -0.28   -0.06
   1   1.640   -0.21    0.16   -0.28   -0.05
   1   1.650   -0.20    0.14   -0.27   -0.04
   1   1.660   -0.19    0.13   -0.26   -0.03
   1   1.670   -0.18    0.13   -0.25   -0.03
   1   1.680   -0.17    0.12   -0.24   -0.02
   1   1.690   -0.15    0.11   -0.23   -0.01
   1   1.700   -0.14    0.10   -0.22   -0.01
