  ********************************************* 
  This file is invalid if interaction qtl case 
  ********************************************* 
   Chr  Pos     910001   910045   910081   910088
   1   0.010   -0.24   -0.14   -0.13    0.02
   1   0.020   -0.24   -0.15   -0.14    0.01
   1   0.030   -0.24   -0.15   -0.14   -0.01
   1   0.040   -0.23   -0.16   -0.15   -0.03
   1   0.050   -0.22   -0.16   -0.15   -0.05
   1   0.060   -0.23   -0.16   -0.15   -0.06
   1   0.070   -0.23   -0.17   -0.16   -0.08
   1   0.080   -0.23   -0.17   -0.16   -0.09
   1   0.090   -0.23   -0.18   -0.16   -0.10
   1   0.100   -0.23   -0.18   -0.17   -0.11
   1   0.110   -0.23   -0.19   -0.17   -0.13
   1   0.120   -0.23   -0.19   -0.17   -0.14
   1   0.130   -0.23   -0.19   -0.17   -0.15
   1   0.140   -0.22   -0.20   -0.17   -0.16
   1   0.150   -0.22   -0.20   -0.18   -0.17
   1   0.160   -0.21   -0.21   -0.18   -0.18
   1   0.170   -0.20   -0.21   -0.18   -0.19
   1   0.180   -0.19   -0.21   -0.18   -0.20
   1   0.190   -0.19   -0.22   -0.17   -0.20
   1   0.200   -0.18   -0.22   -0.17   -0.20
   1   0.210   -0.17   -0.22   -0.17   -0.21
   1   0.220   -0.16   -0.22   -0.17   -0.21
   1   0.230   -0.15   -0.22   -0.17   -0.21
   1   0.240   -0.16   -0.24   -0.17   -0.22
   1   0.250   -0.17   -0.25   -0.18   -0.24
   1   0.260   -0.18   -0.26   -0.19   -0.25
   1   0.270   -0.19   -0.27   -0.20   -0.26
   1   0.280   -0.20   -0.29   -0.21   -0.27
   1   0.290   -0.21   -0.30   -0.22   -0.29
   1   0.300   -0.23   -0.31   -0.22   -0.30
   1   0.310   -0.24   -0.32   -0.23   -0.31
   1   0.320   -0.25   -0.33   -0.24   -0.32
   1   0.330   -0.26   -0.34   -0.24   -0.33
   1   0.340   -0.27   -0.35   -0.25   -0.34
   1   0.350   -0.28   -0.36   -0.25   -0.35
   1   0.360   -0.29   -0.37   -0.26   -0.36
   1   0.370   -0.30   -0.37   -0.26   -0.37
   1   0.380   -0.30   -0.38   -0.26   -0.37
   1   0.390   -0.31   -0.38   -0.26   -0.38
   1   0.400   -0.31   -0.38   -0.26   -0.38
   1   0.410   -0.32   -0.38   -0.26   -0.38
   1   0.420   -0.32   -0.38   -0.26   -0.38
   1   0.430   -0.32   -0.37   -0.26   -0.38
   1   0.440   -0.32   -0.37   -0.26   -0.38
   1   0.450   -0.32   -0.36   -0.25   -0.38
   1   0.460   -0.32   -0.36   -0.25   -0.37
   1   0.470   -0.32   -0.35   -0.24   -0.37
   1   0.480   -0.32   -0.34   -0.24   -0.36
   1   0.490   -0.31   -0.33   -0.23   -0.36
   1   0.500   -0.31   -0.32   -0.22   -0.35
   1   0.510   -0.30   -0.31   -0.22   -0.34
   1   0.520   -0.30   -0.30   -0.21   -0.34
   1   0.530   -0.30   -0.31   -0.22   -0.35
   1   0.540   -0.30   -0.31   -0.24   -0.35
   1   0.550   -0.30   -0.30   -0.25   -0.36
   1   0.560   -0.30   -0.29   -0.26   -0.37
   1   0.570   -0.30   -0.27   -0.27   -0.38
   1   0.580   -0.30   -0.24   -0.28   -0.38
   1   0.590   -0.29   -0.21   -0.29   -0.39
   1   0.600   -0.29   -0.18   -0.29   -0.39
   1   0.610   -0.28   -0.15   -0.30   -0.40
   1   0.620   -0.28   -0.12   -0.30   -0.40
   1   0.630   -0.28   -0.13   -0.30   -0.40
   1   0.640   -0.27   -0.15   -0.31   -0.40
   1   0.650   -0.27   -0.17   -0.31   -0.40
   1   0.660   -0.27   -0.19   -0.31   -0.39
   1   0.670   -0.26   -0.20   -0.31   -0.38
   1   0.680   -0.25   -0.22   -0.32   -0.37
   1   0.690   -0.24   -0.23   -0.32   -0.35
   1   0.700   -0.23   -0.24   -0.32   -0.33
   1   0.710   -0.22   -0.25   -0.31   -0.32
   1   0.720   -0.21   -0.25   -0.31   -0.30
   1   0.730   -0.20   -0.26   -0.31   -0.28
   1   0.740   -0.19   -0.26   -0.30   -0.26
   1   0.750   -0.19   -0.25   -0.31   -0.26
   1   0.760   -0.18   -0.25   -0.31   -0.26
   1   0.770   -0.18   -0.25   -0.31   -0.25
   1   0.780   -0.18   -0.25   -0.31   -0.25
   1   0.790   -0.18   -0.24   -0.31   -0.25
   1   0.800   -0.17   -0.24   -0.31   -0.25
   1   0.810   -0.17   -0.23   -0.31   -0.24
   1   0.820   -0.17   -0.23   -0.31   -0.24
   1   0.830   -0.17   -0.22   -0.31   -0.23
   1   0.840   -0.16   -0.21   -0.30   -0.22
   1   0.850   -0.16   -0.21   -0.30   -0.22
   1   0.860   -0.16   -0.20   -0.30   -0.21
   1   0.870   -0.16   -0.19   -0.29   -0.21
   1   0.880   -0.15   -0.19   -0.29   -0.20
   1   0.890   -0.15   -0.18   -0.28   -0.19
   1   0.900   -0.15   -0.17   -0.27   -0.18
   1   0.910   -0.14   -0.16   -0.27   -0.18
   1   0.920   -0.14   -0.16   -0.26   -0.17
   1   0.930   -0.13   -0.15   -0.25   -0.16
   1   0.940   -0.13   -0.14   -0.24   -0.15
   1   0.950   -0.12   -0.13   -0.23   -0.14
   1   0.960   -0.11   -0.12   -0.22   -0.13
   1   0.970   -0.11   -0.11   -0.21   -0.13
   1   0.980   -0.10   -0.10   -0.20   -0.12
   1   0.990   -0.09   -0.10   -0.19   -0.11
   1   1.000   -0.09   -0.09   -0.18   -0.10
   1   1.010   -0.08   -0.08   -0.17   -0.10
   1   1.020   -0.08   -0.07   -0.18   -0.10
   1   1.030   -0.08   -0.07   -0.18   -0.10
   1   1.040   -0.07   -0.06   -0.19   -0.10
   1   1.050   -0.07   -0.06   -0.19   -0.10
   1   1.060   -0.07   -0.05   -0.20   -0.10
   1   1.070   -0.07   -0.04   -0.20   -0.10
   1   1.080   -0.07   -0.04   -0.21   -0.10
   1   1.090   -0.07   -0.03   -0.21   -0.10
   1   1.100   -0.07   -0.02   -0.21   -0.10
   1   1.110   -0.07   -0.01   -0.22   -0.11
   1   1.120   -0.07   -0.01   -0.22   -0.11
   1   1.130   -0.07    0.00   -0.22   -0.12
   1   1.140   -0.07    0.01   -0.23   -0.12
   1   1.150   -0.07    0.01   -0.23   -0.12
   1   1.160   -0.07    0.02   -0.23   -0.13
   1   1.170   -0.07    0.03   -0.23   -0.13
   1   1.180   -0.07    0.03   -0.23   -0.13
   1   1.190   -0.07    0.04   -0.23   -0.14
   1   1.200   -0.07    0.05   -0.23   -0.14
   1   1.210   -0.07    0.05   -0.23   -0.15
   1   1.220   -0.07    0.06   -0.23   -0.15
   1   1.230   -0.07    0.07   -0.23   -0.16
   1   1.240   -0.07    0.08   -0.23   -0.16
   1   1.250   -0.07    0.08   -0.23   -0.17
   1   1.260   -0.07    0.09   -0.22   -0.17
   1   1.270   -0.06    0.10   -0.22   -0.17
   1   1.280   -0.06    0.11   -0.21   -0.18
   1   1.290   -0.06    0.12   -0.21   -0.18
   1   1.300   -0.05    0.13   -0.20   -0.18
   1   1.310   -0.05    0.14   -0.19   -0.19
   1   1.320   -0.04    0.14   -0.19   -0.19
   1   1.330   -0.04    0.15   -0.18   -0.19
   1   1.340   -0.03    0.16   -0.17   -0.19
   1   1.350   -0.02    0.17   -0.16   -0.19
   1   1.360   -0.01    0.17   -0.15   -0.18
   1   1.370   -0.00    0.18   -0.14   -0.18
   1   1.380    0.01    0.18   -0.13   -0.18
   1   1.390    0.02    0.19   -0.12   -0.18
   1   1.400    0.03    0.19   -0.11   -0.17
   1   1.410    0.04    0.19   -0.10   -0.17
   1   1.420    0.05    0.20   -0.09   -0.16
   1   1.430    0.07    0.20   -0.09   -0.16
   1   1.440    0.08    0.20   -0.08   -0.15
   1   1.450    0.09    0.20   -0.07   -0.15
   1   1.460    0.10    0.20   -0.06   -0.14
   1   1.470    0.11    0.19   -0.05   -0.14
   1   1.480    0.13    0.19   -0.04   -0.13
   1   1.490    0.13    0.20   -0.05   -0.13
   1   1.500    0.14    0.20   -0.05   -0.14
   1   1.510    0.14    0.20   -0.05   -0.14
   1   1.520    0.15    0.20   -0.06   -0.14
   1   1.530    0.15    0.20   -0.06   -0.15
   1   1.540    0.15    0.20   -0.06   -0.15
   1   1.550    0.15    0.20   -0.06   -0.15
   1   1.560    0.16    0.20   -0.07   -0.15
   1   1.570    0.16    0.20   -0.07   -0.16
   1   1.580    0.16    0.20   -0.07   -0.16
   1   1.590    0.16    0.19   -0.07   -0.17
   1   1.600    0.16    0.19   -0.07   -0.17
   1   1.610    0.16    0.18   -0.07   -0.17
   1   1.620    0.16    0.18   -0.07   -0.18
   1   1.630    0.16    0.17   -0.07   -0.18
   1   1.640    0.15    0.16   -0.07   -0.18
   1   1.650    0.15    0.15   -0.07   -0.18
   1   1.660    0.15    0.15   -0.07   -0.18
   1   1.670    0.15    0.14   -0.07   -0.18
   1   1.680    0.14    0.13   -0.06   -0.18
   1   1.690    0.14    0.12   -0.06   -0.18
   1   1.700    0.14    0.11   -0.06   -0.18
  ********************************************* 
  This file is invalid if interaction qtl case 
  ********************************************* 
   Chr  Pos     910001   910045   910081   910088
   1   0.010   -0.05    0.02    0.05    0.07
   1   0.020   -0.06    0.02    0.04    0.07
   1   0.030   -0.06    0.01    0.04    0.07
   1   0.040   -0.07    0.01    0.03    0.06
   1   0.050   -0.07    0.01    0.02    0.06
   1   0.060   -0.06    0.01    0.03    0.06
   1   0.070   -0.05    0.01    0.03    0.06
   1   0.080   -0.04    0.02    0.03    0.05
   1   0.090   -0.03    0.02    0.04    0.05
   1   0.100   -0.02    0.02    0.04    0.05
   1   0.110   -0.01    0.03    0.04    0.04
   1   0.120    0.00    0.03    0.05    0.04
   1   0.130    0.01    0.03    0.05    0.04
   1   0.140    0.03    0.04    0.05    0.03
   1   0.150    0.04    0.04    0.06    0.03
   1   0.160    0.05    0.04    0.06    0.02
   1   0.170    0.06    0.05    0.06    0.02
   1   0.180    0.07    0.05    0.07    0.01
   1   0.190    0.08    0.05    0.07    0.01
   1   0.200    0.09    0.06    0.07    0.00
   1   0.210    0.10    0.06    0.07   -0.00
   1   0.220    0.11    0.06    0.08   -0.01
   1   0.230    0.11    0.06    0.08   -0.01
   1   0.240    0.13    0.08    0.09   -0.01
   1   0.250    0.14    0.10    0.10   -0.00
   1   0.260    0.16    0.11    0.11    0.00
   1   0.270    0.18    0.13    0.12    0.00
   1   0.280    0.20    0.16    0.13    0.01
   1   0.290    0.21    0.18    0.14    0.01
   1   0.300    0.23    0.20    0.15    0.02
   1   0.310    0.25    0.22    0.17    0.02
   1   0.320    0.27    0.25    0.18    0.03
   1   0.330    0.29    0.27    0.19    0.03
   1   0.340    0.31    0.29    0.21    0.04
   1   0.350    0.33    0.32    0.22    0.04
   1   0.360    0.35    0.34    0.23    0.05
   1   0.370    0.36    0.36    0.24    0.05
   1   0.380    0.38    0.38    0.25    0.06
   1   0.390    0.40    0.40    0.26    0.06
   1   0.400    0.41    0.42    0.27    0.07
   1   0.410    0.42    0.43    0.28    0.07
   1   0.420    0.43    0.45    0.28    0.07
   1   0.430    0.44    0.46    0.29    0.08
   1   0.440    0.45    0.46    0.29    0.08
   1   0.450    0.45    0.47    0.30    0.08
   1   0.460    0.45    0.48    0.30    0.08
   1   0.470    0.45    0.48    0.30    0.09
   1   0.480    0.45    0.48    0.30    0.09
   1   0.490    0.45    0.48    0.30    0.09
   1   0.500    0.45    0.47    0.30    0.09
   1   0.510    0.45    0.47    0.29    0.09
   1   0.520    0.44    0.47    0.29    0.09
   1   0.530    0.45    0.49    0.31    0.09
   1   0.540    0.45    0.51    0.33    0.10
   1   0.550    0.46    0.52    0.36    0.10
   1   0.560    0.46    0.53    0.37    0.10
   1   0.570    0.46    0.51    0.39    0.11
   1   0.580    0.47    0.49    0.41    0.11
   1   0.590    0.46    0.46    0.42    0.11
   1   0.600    0.46    0.42    0.42    0.12
   1   0.610    0.46    0.38    0.43    0.12
   1   0.620    0.46    0.34    0.43    0.12
   1   0.630    0.47    0.36    0.44    0.13
   1   0.640    0.49    0.37    0.44    0.14
   1   0.650    0.50    0.39    0.44    0.15
   1   0.660    0.51    0.40    0.44    0.16
   1   0.670    0.52    0.41    0.44    0.16
   1   0.680    0.53    0.41    0.44    0.17
   1   0.690    0.54    0.41    0.43    0.17
   1   0.700    0.54    0.41    0.42    0.17
   1   0.710    0.54    0.41    0.42    0.18
   1   0.720    0.54    0.40    0.41    0.18
   1   0.730    0.54    0.39    0.40    0.18
   1   0.740    0.54    0.38    0.39    0.18
   1   0.750    0.54    0.38    0.39    0.17
   1   0.760    0.55    0.39    0.39    0.17
   1   0.770    0.55    0.39    0.40    0.17
   1   0.780    0.56    0.40    0.40    0.17
   1   0.790    0.56    0.40    0.40    0.16
   1   0.800    0.56    0.40    0.40    0.16
   1   0.810    0.57    0.40    0.40    0.16
   1   0.820    0.57    0.40    0.40    0.15
   1   0.830    0.57    0.40    0.40    0.15
   1   0.840    0.57    0.40    0.40    0.14
   1   0.850    0.56    0.40    0.40    0.14
   1   0.860    0.56    0.40    0.39    0.14
   1   0.870    0.56    0.40    0.39    0.13
   1   0.880    0.55    0.40    0.39    0.13
   1   0.890    0.55    0.40    0.38    0.12
   1   0.900    0.54    0.39    0.38    0.12
   1   0.910    0.53    0.39    0.37    0.11
   1   0.920    0.52    0.39    0.36    0.11
   1   0.930    0.51    0.38    0.36    0.10
   1   0.940    0.50    0.38    0.35    0.10
   1   0.950    0.49    0.37    0.34    0.09
   1   0.960    0.48    0.37    0.33    0.08
   1   0.970    0.46    0.36    0.32    0.08
   1   0.980    0.45    0.35    0.31    0.07
   1   0.990    0.44    0.35    0.30    0.07
   1   1.000    0.43    0.34    0.29    0.06
   1   1.010    0.41    0.33    0.28    0.06
   1   1.020    0.41    0.33    0.28    0.06
   1   1.030    0.41    0.33    0.28    0.07
   1   1.040    0.41    0.32    0.28    0.07
   1   1.050    0.41    0.32    0.28    0.08
   1   1.060    0.41    0.31    0.27    0.08
   1   1.070    0.41    0.30    0.26    0.08
   1   1.080    0.41    0.29    0.25    0.09
   1   1.090    0.41    0.29    0.24    0.09
   1   1.100    0.41    0.28    0.23    0.09
   1   1.110    0.41    0.26    0.22    0.10
   1   1.120    0.41    0.25    0.21    0.10
   1   1.130    0.40    0.24    0.19    0.10
   1   1.140    0.40    0.23    0.18    0.11
   1   1.150    0.40    0.22    0.17    0.11
   1   1.160    0.40    0.20    0.16    0.11
   1   1.170    0.40    0.19    0.14    0.12
   1   1.180    0.39    0.18    0.13    0.12
   1   1.190    0.39    0.16    0.12    0.12
   1   1.200    0.40    0.17    0.13    0.13
   1   1.210    0.41    0.17    0.13    0.13
   1   1.220    0.41    0.17    0.13    0.13
   1   1.230    0.42    0.17    0.13    0.14
   1   1.240    0.43    0.16    0.14    0.14
   1   1.250    0.44    0.16    0.14    0.15
   1   1.260    0.44    0.16    0.14    0.15
   1   1.270    0.45    0.16    0.15    0.15
   1   1.280    0.45    0.15    0.15    0.16
   1   1.290    0.46    0.15    0.15    0.16
   1   1.300    0.46    0.14    0.15    0.16
   1   1.310    0.46    0.14    0.15    0.16
   1   1.320    0.46    0.13    0.16    0.17
   1   1.330    0.46    0.13    0.16    0.17
   1   1.340    0.46    0.12    0.16    0.17
   1   1.350    0.46    0.11    0.16    0.17
   1   1.360    0.45    0.10    0.16    0.17
   1   1.370    0.44    0.10    0.16    0.17
   1   1.380    0.43    0.09    0.16    0.17
   1   1.390    0.42    0.08    0.16    0.16
   1   1.400    0.41    0.07    0.16    0.16
   1   1.410    0.39    0.06    0.16    0.16
   1   1.420    0.38    0.06    0.16    0.16
   1   1.430    0.36    0.05    0.15    0.15
   1   1.440    0.34    0.04    0.15    0.15
   1   1.450    0.32    0.03    0.15    0.15
   1   1.460    0.30    0.03    0.15    0.14
   1   1.470    0.27    0.02    0.15    0.14
   1   1.480    0.25    0.02    0.14    0.14
   1   1.490    0.23    0.01    0.15    0.13
   1   1.500    0.20   -0.01    0.15    0.13
   1   1.510    0.18   -0.02    0.15    0.13
   1   1.520    0.16   -0.03    0.15    0.13
   1   1.530    0.14   -0.05    0.14    0.12
   1   1.540    0.12   -0.06    0.14    0.12
   1   1.550    0.10   -0.08    0.14    0.11
   1   1.560    0.08   -0.09    0.14    0.11
   1   1.570    0.06   -0.11    0.13    0.10
   1   1.580    0.04   -0.13    0.13    0.09
   1   1.590    0.03   -0.14    0.12    0.08
   1   1.600    0.01   -0.16    0.12    0.07
   1   1.610   -0.00   -0.17    0.11    0.06
   1   1.620   -0.02   -0.19    0.10    0.05
   1   1.630   -0.03   -0.20    0.10    0.04
   1   1.640   -0.04   -0.21    0.09    0.02
   1   1.650   -0.05   -0.22    0.08    0.01
   1   1.660   -0.06   -0.23    0.08    0.00
   1   1.670   -0.06   -0.24    0.07   -0.01
   1   1.680   -0.07   -0.24    0.07   -0.02
   1   1.690   -0.08   -0.25    0.06   -0.03
   1   1.700   -0.08   -0.26    0.06   -0.04
  ********************************************* 
  This file is invalid if interaction qtl case 
  ********************************************* 
   Chr  Pos     910001   910045   910081   910088
   1   0.010   -0.28    0.03   -0.43   -0.09
   1   0.020   -0.29    0.03   -0.45   -0.10
   1   0.030   -0.29    0.02   -0.46   -0.12
   1   0.040   -0.29    0.01   -0.46   -0.13
   1   0.050   -0.28    0.01   -0.46   -0.15
   1   0.060   -0.30    0.01   -0.46   -0.16
   1   0.070   -0.31    0.01   -0.47   -0.18
   1   0.080   -0.32    0.01   -0.47   -0.20
   1   0.090   -0.33    0.01   -0.48   -0.22
   1   0.100   -0.33    0.01   -0.48   -0.24
   1   0.110   -0.34    0.01   -0.48   -0.26
   1   0.120   -0.34    0.01   -0.48   -0.28
   1   0.130   -0.35    0.01   -0.48   -0.29
   1   0.140   -0.35    0.01   -0.47   -0.31
   1   0.150   -0.35    0.01   -0.47   -0.32
   1   0.160   -0.35    0.01   -0.46   -0.33
   1   0.170   -0.34    0.01   -0.46   -0.34
   1   0.180   -0.34    0.01   -0.45   -0.35
   1   0.190   -0.33    0.01   -0.44   -0.35
   1   0.200   -0.32    0.01   -0.43   -0.36
   1   0.210   -0.32    0.01   -0.42   -0.36
   1   0.220   -0.31    0.01   -0.41   -0.36
   1   0.230   -0.30    0.01   -0.40   -0.36
   1   0.240   -0.31    0.00   -0.42   -0.37
   1   0.250   -0.32   -0.00   -0.43   -0.39
   1   0.260   -0.33   -0.01   -0.45   -0.41
   1   0.270   -0.34   -0.01   -0.46   -0.43
   1   0.280   -0.36   -0.02   -0.48   -0.45
   1   0.290   -0.37   -0.02   -0.49   -0.47
   1   0.300   -0.38   -0.03   -0.51   -0.48
   1   0.310   -0.39   -0.04   -0.52   -0.50
   1   0.320   -0.40   -0.04   -0.53   -0.52
   1   0.330   -0.41   -0.05   -0.54   -0.53
   1   0.340   -0.41   -0.06   -0.55   -0.54
   1   0.350   -0.42   -0.07   -0.56   -0.56
   1   0.360   -0.42   -0.07   -0.57   -0.57
   1   0.370   -0.43   -0.08   -0.57   -0.57
   1   0.380   -0.43   -0.09   -0.57   -0.58
   1   0.390   -0.43   -0.09   -0.57   -0.58
   1   0.400   -0.43   -0.10   -0.57   -0.59
   1   0.410   -0.43   -0.11   -0.56   -0.59
   1   0.420   -0.42   -0.11   -0.55   -0.58
   1   0.430   -0.42   -0.11   -0.55   -0.58
   1   0.440   -0.41   -0.12   -0.53   -0.58
   1   0.450   -0.40   -0.12   -0.52   -0.57
   1   0.460   -0.40   -0.12   -0.51   -0.56
   1   0.470   -0.39   -0.13   -0.50   -0.55
   1   0.480   -0.38   -0.13   -0.48   -0.55
   1   0.490   -0.37   -0.13   -0.47   -0.54
   1   0.500   -0.36   -0.13   -0.45   -0.53
   1   0.510   -0.35   -0.13   -0.44   -0.51
   1   0.520   -0.34   -0.13   -0.42   -0.50
   1   0.530   -0.34   -0.14   -0.43   -0.51
   1   0.540   -0.33   -0.14   -0.44   -0.52
   1   0.550   -0.33   -0.15   -0.45   -0.52
   1   0.560   -0.33   -0.15   -0.45   -0.53
   1   0.570   -0.32   -0.15   -0.46   -0.54
   1   0.580   -0.32   -0.14   -0.46   -0.54
   1   0.590   -0.31   -0.14   -0.46   -0.54
   1   0.600   -0.30   -0.13   -0.46   -0.55
   1   0.610   -0.29   -0.11   -0.45   -0.55
   1   0.620   -0.28   -0.10   -0.44   -0.55
   1   0.630   -0.28   -0.12   -0.45   -0.56
   1   0.640   -0.28   -0.13   -0.45   -0.57
   1   0.650   -0.28   -0.14   -0.45   -0.57
   1   0.660   -0.27   -0.15   -0.45   -0.57
   1   0.670   -0.27   -0.16   -0.45   -0.56
   1   0.680   -0.26   -0.17   -0.45   -0.56
   1   0.690   -0.26   -0.18   -0.45   -0.55
   1   0.700   -0.25   -0.18   -0.44   -0.53
   1   0.710   -0.24   -0.19   -0.44   -0.52
   1   0.720   -0.23   -0.19   -0.43   -0.50
   1   0.730   -0.22   -0.19   -0.43   -0.48
   1   0.740   -0.21   -0.19   -0.42   -0.46
   1   0.750   -0.21   -0.19   -0.42   -0.46
   1   0.760   -0.21   -0.19   -0.42   -0.45
   1   0.770   -0.21   -0.19   -0.43   -0.45
   1   0.780   -0.21   -0.19   -0.43   -0.44
   1   0.790   -0.21   -0.20   -0.43   -0.43
   1   0.800   -0.21   -0.20   -0.43   -0.42
   1   0.810   -0.21   -0.20   -0.43   -0.41
   1   0.820   -0.22   -0.19   -0.43   -0.40
   1   0.830   -0.22   -0.19   -0.43   -0.39
   1   0.840   -0.22   -0.19   -0.43   -0.38
   1   0.850   -0.22   -0.19   -0.42   -0.37
   1   0.860   -0.21   -0.19   -0.42   -0.35
   1   0.870   -0.21   -0.19   -0.42   -0.34
   1   0.880   -0.21   -0.19   -0.41   -0.32
   1   0.890   -0.21   -0.18   -0.41   -0.31
   1   0.900   -0.21   -0.18   -0.40   -0.29
   1   0.910   -0.21   -0.18   -0.39   -0.28
   1   0.920   -0.20   -0.17   -0.38   -0.26
   1   0.930   -0.20   -0.17   -0.37   -0.24
   1   0.940   -0.20   -0.17   -0.37   -0.23
   1   0.950   -0.19   -0.16   -0.36   -0.21
   1   0.960   -0.19   -0.16   -0.35   -0.20
   1   0.970   -0.18   -0.16   -0.34   -0.18
   1   0.980   -0.18   -0.15   -0.33   -0.16
   1   0.990   -0.17   -0.15   -0.32   -0.15
   1   1.000   -0.17   -0.14   -0.31   -0.13
   1   1.010   -0.16   -0.14   -0.30   -0.12
   1   1.020   -0.16   -0.14   -0.31   -0.12
   1   1.030   -0.16   -0.14   -0.32   -0.12
   1   1.040   -0.16   -0.14   -0.32   -0.12
   1   1.050   -0.16   -0.14   -0.33   -0.12
   1   1.060   -0.16   -0.14   -0.34   -0.12
   1   1.070   -0.16   -0.13   -0.35   -0.12
   1   1.080   -0.16   -0.13   -0.36   -0.12
   1   1.090   -0.16   -0.13   -0.37   -0.13
   1   1.100   -0.16   -0.13   -0.38   -0.13
   1   1.110   -0.16   -0.12   -0.38   -0.13
   1   1.120   -0.16   -0.12   -0.39   -0.14
   1   1.130   -0.16   -0.11   -0.40   -0.14
   1   1.140   -0.16   -0.11   -0.40   -0.15
   1   1.150   -0.16   -0.11   -0.41   -0.15
   1   1.160   -0.15   -0.10   -0.41   -0.15
   1   1.170   -0.15   -0.10   -0.41   -0.16
   1   1.180   -0.15   -0.09   -0.41   -0.16
   1   1.190   -0.15   -0.09   -0.41   -0.16
   1   1.200   -0.15   -0.09   -0.41   -0.17
   1   1.210   -0.16   -0.09   -0.41   -0.18
   1   1.220   -0.16   -0.08   -0.42   -0.18
   1   1.230   -0.16   -0.08   -0.42   -0.19
   1   1.240   -0.16   -0.08   -0.42   -0.19
   1   1.250   -0.16   -0.08   -0.42   -0.20
   1   1.260   -0.16   -0.08   -0.42   -0.20
   1   1.270   -0.17   -0.08   -0.41   -0.21
   1   1.280   -0.16   -0.07   -0.41   -0.21
   1   1.290   -0.16   -0.07   -0.41   -0.21
   1   1.300   -0.16   -0.06   -0.40   -0.22
   1   1.310   -0.16   -0.06   -0.39   -0.22
   1   1.320   -0.16   -0.06   -0.38   -0.22
   1   1.330   -0.15   -0.05   -0.37   -0.22
   1   1.340   -0.15   -0.05   -0.36   -0.22
   1   1.350   -0.14   -0.04   -0.35   -0.22
   1   1.360   -0.13   -0.04   -0.34   -0.22
   1   1.370   -0.13   -0.03   -0.33   -0.22
   1   1.380   -0.12   -0.03   -0.31   -0.21
   1   1.390   -0.11   -0.02   -0.30   -0.21
   1   1.400   -0.09   -0.02   -0.29   -0.20
   1   1.410   -0.08   -0.01   -0.27   -0.20
   1   1.420   -0.07   -0.01   -0.26   -0.19
   1   1.430   -0.06   -0.01   -0.24   -0.19
   1   1.440   -0.04   -0.00   -0.23   -0.18
   1   1.450   -0.03    0.00   -0.21   -0.17
   1   1.460   -0.01    0.01   -0.20   -0.17
   1   1.470   -0.00    0.01   -0.19   -0.16
   1   1.480    0.02    0.01   -0.17   -0.16
   1   1.490    0.03    0.01   -0.18   -0.16
   1   1.500    0.04    0.02   -0.19   -0.16
   1   1.510    0.05    0.02   -0.20   -0.16
   1   1.520    0.06    0.02   -0.20   -0.16
   1   1.530    0.07    0.02   -0.21   -0.16
   1   1.540    0.07    0.02   -0.22   -0.16
   1   1.550    0.08    0.03   -0.22   -0.16
   1   1.560    0.09    0.03   -0.23   -0.16
   1   1.570    0.09    0.03   -0.23   -0.16
   1   1.580    0.10    0.03   -0.24   -0.15
   1   1.590    0.10    0.04   -0.24   -0.15
   1   1.600    0.11    0.04   -0.24   -0.15
   1   1.610    0.11    0.04   -0.24   -0.15
   1   1.620    0.11    0.04   -0.24   -0.14
   1   1.630    0.12    0.04   -0.24   -0.14
   1   1.640    0.12    0.05   -0.24   -0.13
   1   1.650    0.12    0.05   -0.24   -0.13
   1   1.660    0.12    0.05   -0.23   -0.13
   1   1.670    0.12    0.05   -0.23   -0.12
   1   1.680    0.12    0.05   -0.23   -0.12
   1   1.690    0.12    0.05   -0.22   -0.11
   1   1.700    0.12    0.05   -0.22   -0.11
