IC      Chr   Pos  LRT(H1/H0)  910001(H1/H0) 910045(H1/H0) 910081(H1/H0) 910088(H1/H0)
       1 7    0.0100    8.631    4.935    0.906    2.465    0.325
       1 7    0.0200    8.622    4.820    1.034    2.470    0.298
       1 7    0.0300    8.563    4.663    1.145    2.450    0.305
       1 7    0.0400    8.451    4.469    1.228    2.406    0.348
       1 7    0.0500    8.289    4.243    1.280    2.341    0.425
       1 7    0.0600    8.352    4.211    1.350    2.312    0.480
       1 7    0.0700    8.418    4.164    1.422    2.285    0.546
       1 7    0.0800    8.485    4.101    1.496    2.264    0.624
       1 7    0.0900    8.555    4.021    1.572    2.249    0.714
       1 7    0.1000    8.630    3.925    1.649    2.242    0.814
       1 7    0.1100    8.709    3.812    1.727    2.246    0.925
       1 7    0.1200    8.794    3.683    1.806    2.260    1.044
       1 7    0.1300    8.884    3.539    1.887    2.286    1.171
       1 7    0.1400    8.980    3.383    1.968    2.325    1.304
       1 7    0.1500    9.081    3.216    2.049    2.375    1.440
       1 7    0.1600    9.186    3.041    2.131    2.436    1.578
       1 7    0.1700    9.294    2.860    2.213    2.506    1.715
       1 7    0.1800    9.403    2.675    2.295    2.584    1.849
       1 7    0.1900    9.513    2.490    2.377    2.667    1.980
       1 7    0.2000    9.620    2.306    2.458    2.752    2.104
       1 7    0.2100    9.725    2.126    2.538    2.839    2.222
       1 7    0.2200    9.825    1.951    2.617    2.925    2.333
       1 7    0.2300    9.920    1.783    2.695    3.007    2.435
       1 7    0.2400   10.656    1.940    2.848    3.208    2.660
       1 7    0.2500   11.448    2.110    3.008    3.423    2.907
       1 7    0.2600   12.298    2.293    3.175    3.654    3.177
       1 7    0.2700   13.204    2.488    3.346    3.900    3.470
       1 7    0.2800   14.166    2.696    3.523    4.161    3.787
       1 7    0.2900   15.179    2.915    3.702    4.435    4.127
       1 7    0.3000   16.240    3.145    3.883    4.722    4.490
       1 7    0.3100   17.342    3.385    4.063    5.020    4.874
       1 7    0.3200   18.478    3.633    4.240    5.328    5.277
       1 7    0.3300   19.635    3.888    4.412    5.643    5.694
       1 7    0.3400   20.805    4.146    4.576    5.963    6.120
       1 7    0.3500   21.972    4.407    4.729    6.286    6.550
       1 7    0.3600   23.123    4.667    4.870    6.609    6.977
       1 7    0.3700   24.244    4.924    4.996    6.929    7.395
       1 7    0.3800   25.321    5.176    5.105    7.244    7.796
       1 7    0.3900   26.340    5.420    5.196    7.551    8.173
       1 7    0.4000   27.291    5.655    5.267    7.848    8.521
       1 7    0.4100   28.165    5.878    5.318    8.133    8.836
       1 7    0.4200   28.955    6.087    5.349    8.405    9.114
       1 7    0.4300   29.658    6.282    5.361    8.661    9.354
       1 7    0.4400   30.272    6.462    5.354    8.901    9.555
       1 7    0.4500   30.799    6.626    5.331    9.123    9.719
       1 7    0.4600   31.240    6.774    5.292    9.329    9.846
       1 7    0.4700   31.602    6.906    5.239    9.516    9.941
       1 7    0.4800   31.889    7.023    5.175    9.686   10.005
       1 7    0.4900   32.108    7.125    5.101    9.839   10.043
       1 7    0.5000   32.264    7.214    5.020    9.974   10.057
       1 7    0.5100   32.366    7.289    4.932   10.094   10.051
       1 7    0.5200   32.418    7.353    4.839   10.199   10.027
       1 7    0.5300   33.576    7.445    4.626   11.112   10.391
       1 7    0.5400   34.725    7.608    4.322   12.046   10.749
       1 7    0.5500   35.861    7.850    3.928   12.986   11.097
       1 7    0.5600   36.983    8.174    3.459   13.918   11.431
       1 7    0.5700   38.098    8.577    2.942   14.828   11.751
       1 7    0.5800   39.211    9.046    2.412   15.701   12.052
       1 7    0.5900   40.323    9.561    1.904   16.525   12.333
       1 7    0.6000   41.422   10.095    1.445   17.291   12.592
       1 7    0.6100   42.488   10.618    1.054   17.989   12.827
       1 7    0.6200   43.442   11.076    0.736   18.591   13.038
       1 7    0.6300   44.834   11.488    0.920   19.446   12.980
       1 7    0.6400   46.106   11.877    1.128   20.279   12.822
       1 7    0.6500   47.208   12.231    1.356   21.067   12.554
       1 7    0.6600   48.095   12.541    1.602   21.784   12.169
       1 7    0.6700   48.731   12.799    1.861   22.404   11.668
       1 7    0.6800   49.092   12.997    2.128   22.905   11.063
       1 7    0.6900   49.171   13.132    2.396   23.270   10.373
       1 7    0.7000   48.973   13.202    2.659   23.488    9.625
       1 7    0.7100   48.520   13.208    2.911   23.555    8.845
       1 7    0.7200   47.843   13.155    3.148   23.478    8.062
       1 7    0.7300   46.975   13.049    3.364   23.265    7.297
       1 7    0.7400   45.923   12.866    3.557   22.933    6.566
       1 7    0.7500   45.874   13.297    3.423   22.643    6.511
       1 7    0.7600   45.783   13.756    3.286   22.293    6.448
       1 7    0.7700   45.637   14.237    3.146   21.876    6.377
       1 7    0.7800   45.422   14.732    3.005   21.387    6.298
       1 7    0.7900   45.121   15.232    2.862   20.816    6.211
       1 7    0.8000   44.714   15.720    2.717   20.161    6.116
       1 7    0.8100   44.180   16.181    2.572   19.416    6.011
       1 7    0.8200   43.499   16.592    2.427   18.581    5.899
       1 7    0.8300   42.651   16.932    2.283   17.659    5.778
       1 7    0.8400   41.621   17.176    2.139   16.656    5.650
       1 7    0.8500   40.404   17.308    1.997   15.584    5.514
       1 7    0.8600   38.999   17.310    1.858   14.460    5.372
       1 7    0.8700   37.419   17.173    1.721   13.302    5.223
       1 7    0.8800   35.688   16.897    1.587   12.135    5.069
       1 7    0.8900   33.838   16.488    1.457   10.981    4.911
       1 7    0.9000   31.909   15.963    1.332    9.864    4.750
       1 7    0.9100   29.942   15.342    1.211    8.803    4.586
       1 7    0.9200   27.979   14.647    1.095    7.815    4.421
       1 7    0.9300   26.055   13.903    0.985    6.911    4.256
       1 7    0.9400   24.202   13.132    0.880    6.097    4.092
       1 7    0.9500   22.443   12.355    0.782    5.376    3.930
       1 7    0.9600   20.791   11.587    0.689    4.744    3.770
       1 7    0.9700   19.259   10.843    0.603    4.199    3.614
       1 7    0.9800   17.848   10.130    0.523    3.732    3.462
       1 7    0.9900   16.558    9.456    0.450    3.337    3.316
       1 7    1.0000   15.385    8.824    0.383    3.004    3.175
       1 7    1.0100   14.324    8.236    0.322    2.727    3.039
       1 7    1.0200   15.030    8.759    0.275    2.866    3.129
       1 7    1.0300   15.759    9.302    0.231    3.010    3.215
       1 7    1.0400   16.493    9.850    0.190    3.160    3.292
       1 7    1.0500   17.214   10.387    0.152    3.318    3.358
       1 7    1.0600   17.898   10.890    0.117    3.483    3.408
       1 7    1.0700   18.516   11.336    0.086    3.657    3.437
       1 7    1.0800   19.042   11.700    0.060    3.839    3.443
       1 7    1.0900   19.450   11.960    0.038    4.028    3.424
       1 7    1.1000   19.724   12.098    0.021    4.223    3.381
       1 7    1.1100   19.852   12.108    0.009    4.421    3.314
       1 7    1.1200   19.835   11.989    0.002    4.617    3.227
       1 7    1.1300   19.685   11.753    0.000    4.808    3.125
       1 7    1.1400   19.420   11.417    0.003    4.988    3.012
       1 7    1.1500   19.062   11.002    0.010    5.155    2.895
       1 7    1.1600   18.634   10.533    0.022    5.304    2.776
       1 7    1.1700   18.159   10.030    0.038    5.433    2.659
       1 7    1.1800   17.658    9.512    0.057    5.541    2.547
       1 7    1.1900   17.144    8.996    0.080    5.627    2.441
       1 7    1.2000   17.213    9.190    0.105    5.478    2.440
       1 7    1.2100   17.267    9.378    0.134    5.319    2.436
       1 7    1.2200   17.304    9.555    0.168    5.152    2.429
       1 7    1.2300   17.321    9.719    0.207    4.976    2.419
       1 7    1.2400   17.313    9.867    0.250    4.793    2.404
       1 7    1.2500   17.280    9.994    0.299    4.601    2.385
       1 7    1.2600   17.216   10.099    0.354    4.404    2.360
       1 7    1.2700   17.120   10.176    0.413    4.200    2.331
       1 7    1.2800   16.990   10.224    0.478    3.992    2.296
       1 7    1.2900   16.824   10.240    0.548    3.781    2.255
       1 7    1.3000   16.620   10.223    0.622    3.568    2.208
       1 7    1.3100   16.380   10.171    0.700    3.354    2.156
       1 7    1.3200   16.104   10.084    0.782    3.141    2.098
       1 7    1.3300   15.795    9.963    0.866    2.930    2.035
       1 7    1.3400   15.454    9.811    0.952    2.724    1.967
       1 7    1.3500   15.088    9.630    1.040    2.523    1.896
       1 7    1.3600   14.701    9.424    1.128    2.328    1.821
       1 7    1.3700   14.298    9.197    1.215    2.142    1.743
       1 7    1.3800   13.884    8.954    1.301    1.964    1.664
       1 7    1.3900   13.467    8.701    1.386    1.796    1.585
       1 7    1.4000   13.052    8.440    1.467    1.639    1.505
       1 7    1.4100   12.643    8.178    1.546    1.493    1.427
       1 7    1.4200   12.246    7.918    1.621    1.358    1.350
       1 7    1.4300   11.865    7.663    1.692    1.235    1.275
       1 7    1.4400   11.502    7.417    1.758    1.123    1.204
       1 7    1.4500   11.160    7.180    1.820    1.023    1.136
       1 7    1.4600   10.840    6.956    1.878    0.934    1.072
       1 7    1.4700   10.543    6.744    1.931    0.855    1.012
       1 7    1.4800   10.327    6.629    1.980    0.762    0.956
       1 7    1.4900   10.128    6.400    1.964    0.818    0.946
       1 7    1.5000    9.910    6.152    1.943    0.877    0.937
       1 7    1.5100    9.675    5.888    1.916    0.940    0.930
       1 7    1.5200    9.425    5.609    1.883    1.007    0.925
       1 7    1.5300    9.163    5.317    1.844    1.077    0.925
       1 7    1.5400    8.893    5.014    1.799    1.151    0.930
       1 7    1.5500    8.619    4.703    1.747    1.226    0.943
       1 7    1.5600    8.344    4.389    1.688    1.303    0.963
       1 7    1.5700    8.075    4.077    1.624    1.381    0.993
       1 7    1.5800    7.814    3.769    1.555    1.458    1.033
       1 7    1.5900    7.566    3.470    1.480    1.533    1.083
       1 7    1.6000    7.334    3.185    1.402    1.606    1.141
       1 7    1.6100    7.120    2.916    1.321    1.675    1.208
       1 7    1.6200    6.924    2.668    1.238    1.740    1.279
       1 7    1.6300    6.747    2.442    1.153    1.799    1.353
       1 7    1.6400    6.587    2.240    1.069    1.852    1.426
       1 7    1.6500    6.441    2.063    0.985    1.900    1.493
       1 7    1.6600    6.310    1.912    0.904    1.941    1.554
       1 7    1.6700    6.191    1.785    0.824    1.976    1.605
       1 7    1.6800    6.081    1.682    0.749    2.005    1.645
       1 7    1.6900    5.980    1.602    0.676    2.029    1.673
       1 7    1.7000    5.886    1.542    0.609    2.047    1.689
IC      Chr   Pos  LRT(H1/H0)  910001(H1/H0) 910045(H1/H0) 910081(H1/H0) 910088(H1/H0)
       2 7    0.0100    5.778    1.757    0.009    2.581    1.431
       2 7    0.0200    5.605    1.789    0.007    2.405    1.405
       2 7    0.0300    5.391    1.821    0.004    2.190    1.375
       2 7    0.0400    5.148    1.854    0.002    1.948    1.344
       2 7    0.0500    4.894    1.886    0.001    1.695    1.312
       2 7    0.0600    4.578    1.821    0.002    1.600    1.155
       2 7    0.0700    4.262    1.760    0.005    1.498    0.999
       2 7    0.0800    3.950    1.705    0.007    1.392    0.845
       2 7    0.0900    3.646    1.655    0.011    1.283    0.697
       2 7    0.1000    3.357    1.612    0.015    1.172    0.558
       2 7    0.1100    3.087    1.575    0.020    1.062    0.429
       2 7    0.1200    2.841    1.545    0.026    0.955    0.315
       2 7    0.1300    2.626    1.523    0.032    0.854    0.216
       2 7    0.1400    2.445    1.508    0.039    0.762    0.136
       2 7    0.1500    2.303    1.501    0.047    0.680    0.075
       2 7    0.1600    2.202    1.501    0.056    0.611    0.034
       2 7    0.1700    2.143    1.509    0.065    0.555    0.014
       2 7    0.1800    2.126    1.524    0.074    0.514    0.014
       2 7    0.1900    2.151    1.547    0.084    0.488    0.032
       2 7    0.2000    2.213    1.576    0.095    0.475    0.067
       2 7    0.2100    2.311    1.612    0.106    0.475    0.117
       2 7    0.2200    2.439    1.654    0.118    0.487    0.180
       2 7    0.2300    2.595    1.702    0.130    0.509    0.253
       2 7    0.2400    2.903    1.865    0.192    0.606    0.240
       2 7    0.2500    3.269    2.051    0.269    0.722    0.227
       2 7    0.2600    3.699    2.263    0.363    0.858    0.215
       2 7    0.2700    4.196    2.503    0.476    1.014    0.203
       2 7    0.2800    4.765    2.771    0.609    1.193    0.192
       2 7    0.2900    5.408    3.068    0.763    1.394    0.183
       2 7    0.3000    6.128    3.396    0.939    1.618    0.174
       2 7    0.3100    6.925    3.754    1.138    1.866    0.168
       2 7    0.3200    7.800    4.140    1.359    2.137    0.163
       2 7    0.3300    8.750    4.555    1.603    2.430    0.161
       2 7    0.3400    9.770    4.996    1.869    2.744    0.162
       2 7    0.3500   10.857    5.460    2.155    3.077    0.165
       2 7    0.3600   12.001    5.943    2.458    3.427    0.172
       2 7    0.3700   13.194    6.443    2.777    3.792    0.182
       2 7    0.3800   14.425    6.954    3.107    4.168    0.196
       2 7    0.3900   15.682    7.471    3.446    4.552    0.213
       2 7    0.4000   16.953    7.990    3.789    4.940    0.233
       2 7    0.4100   18.225    8.506    4.133    5.329    0.257
       2 7    0.4200   19.485    9.014    4.473    5.716    0.283
       2 7    0.4300   20.722    9.508    4.806    6.097    0.311
       2 7    0.4400   21.923    9.986    5.128    6.468    0.341
       2 7    0.4500   23.081   10.443    5.437    6.828    0.372
       2 7    0.4600   24.187   10.878    5.730    7.174    0.404
       2 7    0.4700   25.234   11.286    6.006    7.504    0.437
       2 7    0.4800   26.217   11.668    6.264    7.816    0.470
       2 7    0.4900   27.134   12.021    6.501    8.110    0.502
       2 7    0.5000   27.984   12.347    6.719    8.385    0.534
       2 7    0.5100   28.766   12.643    6.918    8.640    0.565
       2 7    0.5200   29.481   12.912    7.098    8.876    0.595
       2 7    0.5300   31.169   13.056    7.343   10.128    0.643
       2 7    0.5400   32.775   13.166    7.473   11.444    0.692
       2 7    0.5500   34.242   13.239    7.453   12.807    0.743
       2 7    0.5600   35.521   13.273    7.260   14.194    0.795
       2 7    0.5700   36.589   13.266    6.894   15.581    0.847
       2 7    0.5800   37.446   13.219    6.382   16.945    0.900
       2 7    0.5900   38.114   13.133    5.767   18.261    0.953
       2 7    0.6000   38.625   13.010    5.102   19.508    1.006
       2 7    0.6100   39.014   12.853    4.435   20.667    1.058
       2 7    0.6200   39.241   12.647    3.804   21.680    1.110
       2 7    0.6300   40.527   13.435    4.035   21.761    1.296
       2 7    0.6400   41.752   14.220    4.255   21.770    1.507
       2 7    0.6500   42.891   14.993    4.458   21.698    1.743
       2 7    0.6600   43.914   15.741    4.636   21.538    1.999
       2 7    0.6700   44.792   16.454    4.784   21.286    2.269
       2 7    0.6800   45.501   17.121    4.896   20.941    2.543
       2 7    0.6900   46.019   17.734    4.969   20.504    2.812
       2 7    0.7000   46.334   18.284    5.002   19.980    3.068
       2 7    0.7100   46.440   18.765    4.995   19.379    3.301
       2 7    0.7200   46.342   19.175    4.950   18.710    3.507
       2 7    0.7300   46.052   19.511    4.871   17.985    3.684
       2 7    0.7400   45.596   19.788    4.765   17.214    3.830
       2 7    0.7500   45.498   19.794    4.784   17.258    3.663
       2 7    0.7600   45.351   19.770    4.799   17.291    3.491
       2 7    0.7700   45.151   19.714    4.810   17.312    3.315
       2 7    0.7800   44.893   19.625    4.816   17.318    3.135
       2 7    0.7900   44.574   19.499    4.816   17.305    2.953
       2 7    0.8000   44.187   19.336    4.811   17.270    2.770
       2 7    0.8100   43.730   19.135    4.800   17.209    2.586
       2 7    0.8200   43.197   18.895    4.784   17.115    2.403
       2 7    0.8300   42.586   18.617    4.762   16.985    2.223
       2 7    0.8400   41.892   18.301    4.733   16.813    2.045
       2 7    0.8500   41.116   17.948    4.699   16.597    1.872
       2 7    0.8600   40.259   17.563    4.659   16.333    1.704
       2 7    0.8700   39.325   17.147    4.613   16.022    1.543
       2 7    0.8800   38.322   16.706    4.561   15.666    1.389
       2 7    0.8900   37.260   16.242    4.504   15.269    1.244
       2 7    0.9000   36.148   15.761    4.442   14.838    1.107
       2 7    0.9100   35.003   15.267    4.375   14.382    0.979
       2 7    0.9200   33.837   14.765    4.303   13.908    0.862
       2 7    0.9300   32.664   14.257    4.227   13.426    0.754
       2 7    0.9400   31.496   13.749    4.148   12.944    0.655
       2 7    0.9500   30.344   13.243    4.065   12.469    0.567
       2 7    0.9600   29.215   12.742    3.979   12.007    0.487
       2 7    0.9700   28.117   12.248    3.891   11.562    0.417
       2 7    0.9800   27.056   11.764    3.801   11.136    0.355
       2 7    0.9900   26.032   11.290    3.709   10.732    0.301
       2 7    1.0000   25.049   10.829    3.616   10.350    0.255
       2 7    1.0100   24.108   10.380    3.523    9.989    0.216
       2 7    1.0200   23.634   10.360    3.394    9.632    0.247
       2 7    1.0300   23.100   10.332    3.258    9.228    0.281
       2 7    1.0400   22.510   10.298    3.115    8.781    0.316
       2 7    1.0500   21.874   10.258    2.965    8.298    0.354
       2 7    1.0600   21.204   10.211    2.810    7.790    0.393
       2 7    1.0700   20.516   10.158    2.651    7.273    0.434
       2 7    1.0800   19.828   10.101    2.488    6.762    0.477
       2 7    1.0900   19.160   10.039    2.324    6.275    0.521
       2 7    1.1000   18.531    9.975    2.160    5.829    0.567
       2 7    1.1100   17.954    9.907    1.997    5.435    0.615
       2 7    1.1200   17.442    9.837    1.836    5.105    0.664
       2 7    1.1300   17.002    9.766    1.679    4.842    0.714
       2 7    1.1400   16.633    9.693    1.527    4.647    0.766
       2 7    1.1500   16.335    9.619    1.380    4.516    0.819
       2 7    1.1600   16.100    9.543    1.240    4.443    0.873
       2 7    1.1700   15.921    9.466    1.107    4.420    0.928
       2 7    1.1800   15.789    9.386    0.982    4.437    0.984
       2 7    1.1900   15.695    9.304    0.866    4.486    1.040
       2 7    1.2000   15.741    9.211    0.838    4.615    1.077
       2 7    1.2100   15.779    9.107    0.809    4.748    1.114
       2 7    1.2200   15.807    8.991    0.778    4.885    1.152
       2 7    1.2300   15.823    8.863    0.746    5.024    1.191
       2 7    1.2400   15.827    8.721    0.711    5.167    1.229
       2 7    1.2500   15.817    8.564    0.674    5.311    1.268
       2 7    1.2600   15.791    8.391    0.636    5.457    1.306
       2 7    1.2700   15.746    8.202    0.597    5.604    1.343
       2 7    1.2800   15.682    7.995    0.557    5.751    1.379
       2 7    1.2900   15.598    7.770    0.516    5.898    1.414
       2 7    1.3000   15.491    7.527    0.475    6.043    1.446
       2 7    1.3100   15.361    7.265    0.434    6.187    1.475
       2 7    1.3200   15.207    6.985    0.393    6.327    1.502
       2 7    1.3300   15.029    6.687    0.353    6.464    1.525
       2 7    1.3400   14.826    6.371    0.314    6.597    1.545
       2 7    1.3500   14.600    6.039    0.276    6.724    1.560
       2 7    1.3600   14.351    5.694    0.241    6.845    1.571
       2 7    1.3700   14.081    5.336    0.207    6.960    1.578
       2 7    1.3800   13.792    4.968    0.176    7.067    1.581
       2 7    1.3900   13.487    4.594    0.148    7.166    1.580
       2 7    1.4000   13.169    4.217    0.122    7.256    1.574
       2 7    1.4100   12.840    3.839    0.099    7.337    1.564
       2 7    1.4200   12.505    3.466    0.079    7.409    1.551
       2 7    1.4300   12.167    3.100    0.061    7.471    1.535
       2 7    1.4400   11.831    2.745    0.046    7.524    1.516
       2 7    1.4500   11.499    2.405    0.033    7.566    1.494
       2 7    1.4600   11.174    2.083    0.023    7.598    1.471
       2 7    1.4700   10.861    1.780    0.015    7.621    1.445
       2 7    1.4800   10.653    1.572    0.009    7.654    1.418
       2 7    1.4900   10.136    1.314    0.001    7.440    1.381
       2 7    1.5000    9.625    1.080    0.001    7.201    1.342
       2 7    1.5100    9.120    0.871    0.010    6.938    1.301
       2 7    1.5200    8.625    0.688    0.028    6.650    1.259
       2 7    1.5300    8.143    0.529    0.057    6.341    1.216
       2 7    1.5400    7.677    0.395    0.097    6.011    1.174
       2 7    1.5500    7.230    0.285    0.148    5.665    1.133
       2 7    1.5600    6.808    0.197    0.211    5.306    1.094
       2 7    1.5700    6.415    0.130    0.286    4.939    1.060
       2 7    1.5800    6.056    0.083    0.373    4.570    1.030
       2 7    1.5900    5.735    0.053    0.470    4.205    1.006
       2 7    1.6000    5.456    0.041    0.578    3.848    0.990
       2 7    1.6100    5.223    0.043    0.694    3.505    0.981
       2 7    1.6200    5.037    0.058    0.819    3.181    0.979
       2 7    1.6300    4.898    0.085    0.949    2.879    0.986
       2 7    1.6400    4.807    0.121    1.084    2.602    1.000
       2 7    1.6500    4.761    0.167    1.222    2.352    1.020
       2 7    1.6600    4.757    0.220    1.362    2.131    1.045
       2 7    1.6700    4.792    0.279    1.501    1.937    1.075
       2 7    1.6800    4.859    0.344    1.638    1.771    1.107
       2 7    1.6900    4.955    0.412    1.772    1.630    1.140
       2 7    1.7000    5.075    0.484    1.903    1.514    1.174
IC      Chr   Pos  LRT(H1/H0)  910001(H1/H0) 910045(H1/H0) 910081(H1/H0) 910088(H1/H0)
       3 7    0.0100   26.101    8.222    0.106   14.659    3.113
       3 7    0.0200   27.139    8.393    0.070   15.438    3.237
       3 7    0.0300   27.945    8.499    0.040   16.028    3.379
       3 7    0.0400   28.471    8.536    0.017   16.384    3.533
       3 7    0.0500   28.700    8.505    0.004   16.496    3.696
       3 7    0.0600   29.200    8.799    0.004   16.535    3.861
       3 7    0.0700   29.669    9.074    0.004   16.551    4.040
       3 7    0.0800   30.099    9.323    0.004   16.541    4.231
       3 7    0.0900   30.480    9.540    0.005   16.504    4.432
       3 7    0.1000   30.803    9.718    0.005   16.439    4.641
       3 7    0.1100   31.057    9.853    0.005   16.344    4.855
       3 7    0.1200   31.236    9.941    0.005   16.219    5.071
       3 7    0.1300   31.333    9.980    0.005   16.063    5.285
       3 7    0.1400   31.343    9.969    0.005   15.876    5.493
       3 7    0.1500   31.267    9.910    0.005   15.659    5.692
       3 7    0.1600   31.103    9.806    0.005   15.412    5.880
       3 7    0.1700   30.857    9.660    0.005   15.138    6.053
       3 7    0.1800   30.532    9.478    0.006   14.839    6.210
       3 7    0.1900   30.137    9.264    0.006   14.517    6.350
       3 7    0.2000   29.679    9.026    0.006   14.175    6.472
       3 7    0.2100   29.169    8.768    0.006   13.818    6.577
       3 7    0.2200   28.615    8.496    0.006   13.449    6.664
       3 7    0.2300   28.028    8.216    0.006   13.071    6.735
       3 7    0.2400   29.382    8.520    0.001   13.600    7.261
       3 7    0.2500   30.805    8.831    0.000   14.147    7.826
       3 7    0.2600   32.290    9.147    0.004   14.708    8.431
       3 7    0.2700   33.834    9.465    0.014   15.281    9.074
       3 7    0.2800   35.427    9.782    0.030   15.860    9.755
       3 7    0.2900   37.058   10.096    0.052   16.441   10.470
       3 7    0.3000   38.715   10.401    0.082   17.017   11.215
       3 7    0.3100   40.380   10.696    0.120   17.581   11.983
       3 7    0.3200   42.035   10.975    0.166   18.128   12.766
       3 7    0.3300   43.658   11.235    0.220   18.649   13.554
       3 7    0.3400   45.226   11.471    0.282   19.137   14.335
       3 7    0.3500   46.715   11.680    0.353   19.586   15.096
       3 7    0.3600   48.100   11.859    0.431   19.989   15.822
       3 7    0.3700   49.360   12.004    0.516   20.340   16.499
       3 7    0.3800   50.473   12.114    0.608   20.635   17.116
       3 7    0.3900   51.426   12.187    0.704   20.873   17.662
       3 7    0.4000   52.207   12.222    0.805   21.050   18.129
       3 7    0.4100   52.811   12.222    0.909   21.168   18.513
       3 7    0.4200   53.238   12.185    1.014   21.227   18.812
       3 7    0.4300   53.492   12.115    1.119   21.230   19.027
       3 7    0.4400   53.585   12.015    1.224   21.182   19.164
       3 7    0.4500   53.526   11.885    1.327   21.086   19.229
       3 7    0.4600   53.334   11.732    1.427   20.948   19.228
       3 7    0.4700   53.023   11.557    1.523   20.773   19.170
       3 7    0.4800   52.609   11.364    1.615   20.567   19.063
       3 7    0.4900   52.110   11.157    1.702   20.336   18.916
       3 7    0.5000   51.540   10.938    1.784   20.083   18.735
       3 7    0.5100   50.914   10.711    1.862   19.814   18.527
       3 7    0.5200   50.245   10.479    1.933   19.533   18.299
       3 7    0.5300   50.737   10.381    2.031   19.685   18.640
       3 7    0.5400   51.162   10.316    2.103   19.791   18.951
       3 7    0.5500   51.507   10.289    2.138   19.851   19.230
       3 7    0.5600   51.763   10.298    2.128   19.864   19.472
       3 7    0.5700   51.918   10.338    2.070   19.834   19.676
       3 7    0.5800   51.967   10.398    1.967   19.764   19.839
       3 7    0.5900   51.907   10.461    1.828   19.658   19.960
       3 7    0.6000   51.738   10.513    1.665   19.522   20.039
       3 7    0.6100   51.464   10.536    1.492   19.360   20.076
       3 7    0.6200   51.082   10.507    1.320   19.182   20.072
       3 7    0.6300   52.279   10.606    1.573   19.600   20.501
       3 7    0.6400   53.270   10.660    1.849   19.982   20.779
       3 7    0.6500   53.999   10.663    2.145   20.313   20.878
       3 7    0.6600   54.417   10.614    2.456   20.575   20.772
       3 7    0.6700   54.489   10.512    2.775   20.750   20.452
       3 7    0.6800   54.203   10.359    3.096   20.823   19.925
       3 7    0.6900   53.567   10.158    3.410   20.785   19.214
       3 7    0.7000   52.610    9.916    3.710   20.630   18.355
       3 7    0.7100   51.377    9.637    3.989   20.360   17.391
       3 7    0.7200   49.923    9.330    4.243   19.986   16.365
       3 7    0.7300   48.300    9.002    4.466   19.518   15.315
       3 7    0.7400   46.564    8.664    4.657   18.973   14.270
       3 7    0.7500   46.255    8.899    4.625   18.836   13.896
       3 7    0.7600   45.902    9.145    4.588   18.664   13.506
       3 7    0.7700   45.500    9.398    4.546   18.455   13.101
       3 7    0.7800   45.046    9.656    4.499   18.207   12.683
       3 7    0.7900   44.534    9.914    4.446   17.920   12.253
       3 7    0.8000   43.958   10.165    4.389   17.592   11.812
       3 7    0.8100   43.313   10.401    4.325   17.225   11.362
       3 7    0.8200   42.591   10.613    4.256   16.817   10.905
       3 7    0.8300   41.789   10.789    4.183   16.373   10.443
       3 7    0.8400   40.899   10.920    4.105   15.896    9.978
       3 7    0.8500   39.919   10.997    4.022   15.389    9.511
       3 7    0.8600   38.849   11.011    3.935   14.858    9.047
       3 7    0.8700   37.693   10.956    3.843   14.308    8.586
       3 7    0.8800   36.457   10.831    3.748   13.747    8.131
       3 7    0.8900   35.151   10.639    3.649   13.179    7.684
       3 7    0.9000   33.791   10.384    3.548   12.612    7.247
       3 7    0.9100   32.392   10.074    3.444   12.051    6.823
       3 7    0.9200   30.971    9.720    3.338   11.500    6.414
       3 7    0.9300   29.545    9.332    3.230   10.963    6.020
       3 7    0.9400   28.129    8.922    3.122   10.443    5.643
       3 7    0.9500   26.737    8.498    3.013    9.943    5.284
       3 7    0.9600   25.380    8.069    2.904    9.463    4.945
       3 7    0.9700   24.068    7.644    2.795    9.004    4.625
       3 7    0.9800   22.807    7.228    2.687    8.566    4.326
       3 7    0.9900   21.602    6.824    2.579    8.151    4.048
       3 7    1.0000   20.456    6.436    2.474    7.756    3.790
       3 7    1.0100   19.371    6.067    2.370    7.382    3.553
       3 7    1.0200   19.916    6.150    2.318    7.799    3.649
       3 7    1.0300   20.463    6.222    2.260    8.240    3.740
       3 7    1.0400   21.004    6.278    2.197    8.707    3.822
       3 7    1.0500   21.531    6.313    2.128    9.201    3.889
       3 7    1.0600   22.031    6.319    2.054    9.721    3.938
       3 7    1.0700   22.494    6.291    1.975   10.264    3.963
       3 7    1.0800   22.906    6.226    1.893   10.825    3.962
       3 7    1.0900   23.257    6.121    1.806   11.396    3.934
       3 7    1.1000   23.535    5.975    1.717   11.965    3.877
       3 7    1.1100   23.735    5.794    1.626   12.519    3.795
       3 7    1.1200   23.852    5.582    1.534   13.045    3.692
       3 7    1.1300   23.888    5.346    1.441   13.528    3.572
       3 7    1.1400   23.843    5.095    1.349   13.958    3.442
       3 7    1.1500   23.724    4.837    1.258   14.323    3.306
       3 7    1.1600   23.536    4.578    1.168   14.620    3.170
       3 7    1.1700   23.287    4.326    1.081   14.843    3.037
       3 7    1.1800   22.984    4.084    0.996   14.994    2.910
       3 7    1.1900   22.635    3.855    0.915   15.076    2.790
       3 7    1.2000   22.502    3.921    0.872   14.894    2.815
       3 7    1.2100   22.340    3.988    0.827   14.688    2.838
       3 7    1.2200   22.146    4.053    0.780   14.456    2.857
       3 7    1.2300   21.918    4.116    0.732   14.198    2.872
       3 7    1.2400   21.653    4.175    0.682   13.913    2.883
       3 7    1.2500   21.351    4.229    0.631   13.602    2.889
       3 7    1.2600   21.010    4.277    0.580   13.264    2.889
       3 7    1.2700   20.628    4.317    0.528   12.902    2.882
       3 7    1.2800   20.206    4.347    0.476   12.515    2.867
       3 7    1.2900   19.743    4.367    0.425   12.106    2.845
       3 7    1.3000   19.242    4.374    0.375   11.678    2.815
       3 7    1.3100   18.703    4.368    0.326   11.232    2.777
       3 7    1.3200   18.129    4.348    0.280   10.771    2.730
       3 7    1.3300   17.525    4.314    0.236   10.299    2.675
       3 7    1.3400   16.893    4.266    0.196    9.819    2.612
       3 7    1.3500   16.240    4.205    0.158    9.335    2.542
       3 7    1.3600   15.571    4.131    0.125    8.850    2.465
       3 7    1.3700   14.892    4.047    0.095    8.367    2.382
       3 7    1.3800   14.209    3.955    0.070    7.890    2.294
       3 7    1.3900   13.529    3.857    0.049    7.422    2.202
       3 7    1.4000   12.857    3.754    0.031    6.964    2.107
       3 7    1.4100   12.201    3.651    0.018    6.520    2.011
       3 7    1.4200   11.564    3.550    0.009    6.091    1.915
       3 7    1.4300   10.953    3.452    0.003    5.679    1.818
       3 7    1.4400   10.370    3.361    0.000    5.285    1.724
       3 7    1.4500    9.820    3.278    0.001    4.911    1.631
       3 7    1.4600    9.304    3.204    0.004    4.555    1.541
       3 7    1.4700    8.823    3.140    0.009    4.220    1.454
       3 7    1.4800    8.306    3.097    0.017    3.820    1.371
       3 7    1.4900    8.403    3.072    0.022    3.945    1.363
       3 7    1.5000    8.497    3.045    0.028    4.074    1.351
       3 7    1.5100    8.587    3.015    0.036    4.203    1.333
       3 7    1.5200    8.670    2.983    0.044    4.333    1.310
       3 7    1.5300    8.741    2.946    0.053    4.460    1.283
       3 7    1.5400    8.801    2.904    0.063    4.585    1.250
       3 7    1.5500    8.845    2.857    0.074    4.702    1.212
       3 7    1.5600    8.871    2.805    0.086    4.810    1.170
       3 7    1.5700    8.876    2.748    0.099    4.906    1.124
       3 7    1.5800    8.861    2.686    0.112    4.989    1.075
       3 7    1.5900    8.825    2.620    0.126    5.056    1.023
       3 7    1.6000    8.768    2.551    0.140    5.106    0.971
       3 7    1.6100    8.689    2.480    0.155    5.137    0.917
       3 7    1.6200    8.592    2.408    0.170    5.151    0.863
       3 7    1.6300    8.479    2.337    0.184    5.147    0.811
       3 7    1.6400    8.350    2.267    0.198    5.126    0.759
       3 7    1.6500    8.210    2.199    0.212    5.090    0.709
       3 7    1.6600    8.061    2.136    0.226    5.039    0.661
       3 7    1.6700    7.904    2.076    0.238    4.976    0.614
       3 7    1.6800    7.744    2.021    0.250    4.903    0.570
       3 7    1.6900    7.581    1.970    0.261    4.822    0.527
       3 7    1.7000    7.418    1.925    0.271    4.734    0.487
