
 *************************************************************************************
 Summary 0 QTL versus 1 QTL
Variable  N        Max Lik        Pos (M)    Sire                   1940
               0/1QTL    Chr              Pos1 eff1 SD  Student-Test1(*)
       1  45    2.3  5      0.930         0.033  0.128  sign
       2  45    0.7  5      0.830        -0.017  0.115   ns 
       3  45    4.4  5      1.430        -0.055  0.157  sign
       4  45    2.2  5      1.430        -0.023  0.095  sign
       5  45    0.2  5      1.230        -0.010  0.134   ns 
       6  45    2.0  5      1.430        -0.059  0.254  sign
       7  45    2.5  5      1.330         0.052  0.199  sign
       8  45    3.3  5      1.430        -0.057  0.188  sign
       9  45    4.4  5      0.830        -0.055  0.142  sign
      10  45    0.6  5      1.230        -0.017  0.147   ns 
      11  45    2.2  5      0.830         0.035  0.129  sign
      12  45    3.4  5      0.930         0.048  0.151  sign
      13  45    2.6  5      0.830         0.041  0.141  sign
      14  45    1.0  5      1.530        -0.018  0.115   ns 
      15  45    0.7  5      1.230        -0.014  0.107   ns 
      16  45    3.4  5      0.830         0.046  0.138  sign
      17  45    0.5  5      0.830         0.025  0.193   ns 
      18  45    2.6  5      0.930         0.033  0.120  sign
      19  45    3.2  5      0.830         0.145  0.445  sign
      20  45    7.2  5      1.230        -0.045  0.103  sign
      21  45    1.2  5      1.230        -0.033  0.187   ns 
      22  45    0.4  5      1.230        -0.013  0.139   ns 
      23  45    0.7  5      1.230         0.025  0.199   ns 
      24  45    1.5  5      1.630         0.039  0.209   ns 
      25  45    0.5  5      0.830         0.021  0.155   ns 
      26  45    2.8  5      1.030         0.032  0.120  sign
      27  45    3.3  5      0.830         0.045  0.136  sign
      28  45    3.2  5      1.830        -0.033  0.112  sign
      29  45    4.1  5      0.830         0.083  0.225  sign
      30  45    0.6  5      1.730         0.019  0.155   ns 
      31  45    0.4  5      1.030         0.010  0.103   ns 
      32  45    5.7  5      1.630        -0.031  0.084  sign
      33  45    4.2  5      0.830         0.043  0.116  sign
      34  45    1.1  5      0.830         0.032  0.171   ns 
      35  45    3.5  5      1.030         0.044  0.147  sign
      36  45    0.3  5      1.630        -0.010  0.122   ns 
      37  45    1.3  5      1.530         0.060  0.344   ns 
      38  45    1.3  5      1.830        -0.039  0.208  sign
      39  45    0.2  5      0.830        -0.010  0.127   ns 
      40  45    0.3  5      1.030         0.018  0.199   ns 
      41  45    3.5  5      0.930         0.035  0.108  sign
      42  45    5.3  5      0.830         0.047  0.112  sign
      43  45    1.3  5      1.630        -0.028  0.159   ns 
      44  45    3.2  5      1.830         0.041  0.140  sign
      45  45    0.6  5      1.530        -0.017  0.140   ns 
      46  45    6.0  5      0.830         0.080  0.177  sign
      47  45    0.8  5      1.230        -0.037  0.257   ns 
      48  45    1.1  5      0.830        -0.032  0.170   ns 
      49  45    2.0  5      1.830         0.053  0.224  sign
      50  45    2.1  5      1.630        -0.061  0.279  sign
      51  45    0.8  5      0.930         0.018  0.119   ns 
      52  45    2.2  5      0.830         0.096  0.355  sign
      53  45    0.5  5      0.830        -0.026  0.211   ns 
      54  45    1.7  5      1.830         0.040  0.186  sign
      55  45    1.5  5      0.830        -0.033  0.150  sign
      56  45    2.0  5      1.230        -0.030  0.138  sign
      57  45    1.3  5      1.830         0.020  0.106   ns 
      58  45    0.2  5      1.030         0.009  0.129   ns 
      59  45    5.7  5      1.030         0.055  0.141  sign
      60  45    0.6  5      1.030         0.013  0.112   ns 
      61  45    0.6  5      1.630        -0.018  0.151   ns 
      62  45    0.9  5      1.830        -0.024  0.154   ns 
      63  45    0.7  5      1.530        -0.011  0.085   ns 
      64  45    6.4  5      1.830        -0.047  0.110  sign
      65  45    2.3  5      0.930         0.026  0.101  sign
      66  45    2.2  5      1.530         0.071  0.309  sign
      67  45    2.5  5      0.830         0.070  0.243  sign
      68  45    0.4  5      1.830         0.012  0.118   ns 
      69  45    2.3  5      0.830        -0.032  0.119  sign
      70  45    1.4  5      1.830         0.060  0.313  sign
      71  45    0.7  5      0.930         0.016  0.113   ns 
      72  45    1.6  5      1.830         0.035  0.171  sign
      73  45    1.4  5      0.830         0.028  0.129  sign
      74  45    1.9  5      1.830        -0.029  0.128  sign
      75  45    1.4  5      1.830        -0.232  1.178  sign
      76  45    0.6  5      1.230        -0.022  0.180   ns 
      77  45    1.7  5      0.830         0.036  0.152  sign
      78  45    3.7  5      1.730        -0.127  0.409  sign
      79  45    1.3  5      1.830        -0.020  0.110   ns 
      80  45    1.5  5      0.830         0.077  0.351  sign
      81  45    1.8  5      1.730        -0.022  0.105  sign
      82  45    2.8  5      1.730        -0.036  0.131  sign
      83  45    3.2  5      0.830        -0.032  0.098  sign
      84  45    2.0  5      1.630        -0.033  0.152  sign
      85  45    0.4  5      1.030        -0.011  0.119   ns 
      86  45    2.1  5      1.730        -0.052  0.223  sign
      87  45    3.9  5      0.830        -0.069  0.189  sign
      88  45    3.7  5      1.630        -0.049  0.165  sign
      89  45    0.8  5      1.230        -0.046  0.321   ns 
      90  45    2.0  5      1.830        -0.036  0.157  sign
      91  45    3.3  5      0.830         0.068  0.204  sign
      92  45    2.6  5      0.830         0.049  0.166  sign
      93  45    0.7  5      0.830         0.027  0.184   ns 
      94  45    1.4  5      1.530        -0.015  0.085   ns 
      95  45    0.8  5      1.830        -0.038  0.253   ns 
      96  45    0.5  5      1.530        -0.018  0.165   ns 
      97  45    1.4  5      0.830         0.046  0.218  sign
      98  45    0.4  5      1.830         0.011  0.105   ns 
      99  45    1.3  5      1.230        -0.022  0.123   ns 
     100  45    4.8  5      1.630        -0.050  0.146  sign
     101  45    0.9  5      1.430         0.020  0.132   ns 
     102  45    0.3  5      1.430        -0.010  0.116   ns 
     103  45    0.8  5      0.830         0.044  0.263   ns 
     104  45    3.1  5      1.230        -0.031  0.109  sign
     105  45    2.2  5      1.230        -0.031  0.132  sign
     106  45    6.4  5      0.830        -0.064  0.135  sign
     107  45    1.3  5      1.330        -0.034  0.182   ns 
     108  45    0.5  5      1.030         0.011  0.095   ns 
     109  45    1.6  5      1.730        -0.022  0.109  sign
     110  45    4.9  5      0.930         0.052  0.134  sign
     111  45    1.8  5      0.830        -0.038  0.156  sign
     112  45    0.6  5      1.330        -0.013  0.096   ns 
     113  45    1.2  5      1.130         0.203  1.079  sign
     114  45    1.6  5      1.430        -0.030  0.142  sign
     115  45    9.6  5      1.730        -0.101  0.195  sign
     116  45    5.0  5      0.930         0.034  0.088  sign
     117  45    6.5  5      1.530        -0.052  0.128  sign
     118  45    0.8  5      1.730         0.019  0.131   ns 
     119  45    0.3  5      1.430        -0.031  0.339   ns 
     120  45    0.7  5      1.830         0.015  0.109   ns 
     121  45    1.1  5      0.830         0.047  0.245  sign
     122  45    2.1  5      1.130         0.058  0.233  sign
     123  45    1.8  5      1.330        -0.025  0.114  sign
     124  45    0.8  5      1.730         0.019  0.130   ns 
     125  45    0.3  5      1.430         0.009  0.110   ns 
     126  45    1.4  5      1.130        -0.268  1.314  sign
     127  45    0.6  5      1.630        -0.028  0.232   ns 
     128  45    4.8  5      0.830         0.075  0.186  sign
     129  45    2.3  5      0.830        -0.026  0.093  sign
     130  45    3.4  5      1.730        -0.044  0.148  sign
     131  45    1.0  5      1.230        -0.026  0.169   ns 
     132  45    2.3  5      1.830         0.033  0.130  sign
     133  45    0.5  5      1.130        -0.017  0.141   ns 
     134  45    7.5  5      1.230        -0.059  0.132  sign
     135  45    0.8  5      1.630        -0.014  0.109   ns 
     136  45    0.3  5      1.030         0.011  0.137   ns 
     137  45    2.5  5      1.630        -0.023  0.095  sign
     138  45    1.2  5      0.930         0.031  0.167   ns 
     139  45    1.2  5      1.630         0.049  0.294   ns 
     140  45    0.6  5      0.830         0.037  0.274   ns 
     141  45    0.7  5      0.830         0.037  0.251   ns 
     142  45    0.8  5      1.230        -0.027  0.196   ns 
     143  45    1.0  5      1.830         0.028  0.171   ns 
     144  45    0.4  5      1.830        -0.014  0.133   ns 
     145  45    0.5  5      1.830         0.032  0.283   ns 
     146  45    9.0  5      1.630        -0.044  0.093  sign
     147  45    1.6  5      1.030        -0.049  0.240  sign
     148  45    1.0  5      1.830         0.021  0.129   ns 
     149  45    0.5  5      1.230         0.010  0.090   ns 
     150  45    1.5  5      1.630        -0.020  0.104  sign
     151  45    2.8  5      1.330        -0.035  0.127  sign
     152  45    2.6  5      1.830        -0.032  0.122  sign
     153  45    1.7  5      0.830        -0.035  0.150  sign
     154  45    3.9  5      1.630        -0.038  0.124  sign
     155  45    0.6  5      1.730         0.020  0.168   ns 
     156  45    0.6  5      1.630        -0.018  0.152   ns 
     157  45    0.9  5      1.130        -0.035  0.214   ns 
     158  45    6.8  5      0.830        -0.040  0.081  sign
     159  45    5.5  5      1.630        -0.027  0.074  sign
     160  45    1.0  5      1.630        -0.026  0.175   ns 
     161  45    3.7  5      1.230        -0.036  0.118  sign
     162  45    0.4  5      1.230         0.012  0.116   ns 
     163  45    5.4  5      1.830        -0.043  0.110  sign
     164  45    2.9  5      0.830         0.053  0.169  sign
     165  45    1.5  5      1.230        -0.026  0.132  sign
     166  45    0.7  5      1.230        -0.040  0.307   ns 
     167  45    2.1  5      1.830        -0.031  0.132  sign
     168  45    1.2  5      1.730         0.019  0.112   ns 
     169  45    0.5  5      0.830        -0.023  0.178   ns 
     170  45    0.2  5      1.730         0.009  0.117   ns 
     171  45    2.6  5      0.830        -0.031  0.106  sign
     172  45    8.6  5      0.830        -0.066  0.119  sign
     173  45    0.2  5      1.030         0.009  0.130   ns 
     174  45    1.3  5      1.230        -0.020  0.116   ns 
     175  45    2.2  5      0.830        -0.047  0.175  sign
     176  45    0.6  5      1.630        -0.013  0.112   ns 
     177  45    0.8  5      1.630        -0.018  0.127   ns 
     178  45    3.6  5      1.630        -0.029  0.101  sign
     179  45    2.2  5      1.730        -0.029  0.122  sign
     180  45    2.3  5      1.730         0.032  0.130  sign
     181  45    5.0  5      1.530        -0.049  0.140  sign
     182  45    1.8  5      1.730         0.027  0.125  sign
     183  45    5.3  5      1.730        -0.040  0.106  sign
     184  45    1.6  5      1.730         0.025  0.122  sign
     185  45    2.7  5      0.830         0.065  0.215  sign
     186  45    1.1  5      1.830         0.043  0.255   ns 
     187  45    0.6  5      1.230        -0.027  0.224   ns 
     188  45    1.5  5      0.830        -0.038  0.170  sign
     189  45    1.9  5      0.830        -0.222  0.893  sign
     190  45    2.2  5      1.830         0.043  0.174  sign
     191  45    2.5  5      1.830        -0.037  0.144  sign
     192  45    1.8  5      0.930         0.043  0.185  sign
     193  45    2.4  5      1.830         0.052  0.206  sign
     194  45    2.8  5      1.530        -0.036  0.137  sign
     195  45    0.5  5      1.830        -0.011  0.097   ns 
     196  45    0.3  5      1.530         0.010  0.121   ns 
     197  45    1.3  5      1.830        -0.031  0.167   ns 
     198  45    2.9  5      1.630        -0.032  0.124  sign
     199  45    2.3  5      1.630        -0.039  0.167  sign
     200  45    1.4  5      1.830         0.039  0.201  sign
     201  45    1.3  5      1.530        -0.022  0.126   ns 
     202  45    1.1  5      1.830        -0.027  0.157   ns 
     203  45    1.1  5      1.530        -0.032  0.192   ns 
     204  45    2.2  5      0.830         0.049  0.185  sign
     205  45    0.7  5      0.830         0.029  0.188   ns 
     206  45    5.9  5      1.530        -0.077  0.199  sign
     207  45    1.2  5      1.530        -0.021  0.122   ns 
     208  45    0.7  5      1.430        -0.019  0.135   ns 
     209  45    1.0  5      1.830         0.043  0.260   ns 
     210  45    1.2  5      0.830         0.078  0.399  sign
     211  45    2.7  5      1.630         0.074  0.292  sign
     212  45    2.3  5      1.330        -0.025  0.100  sign
     213  45    0.4  5      1.230        -0.031  0.293   ns 


    (*) Approximate test of the significance of the QTL effect within sire.
