910014   880607    890755    1
910016   880607    890755    1
910020   880607    890755    1
910001   880608    890690    1
910002   880608    890690    1
910009   880608    890690    1
910010   880608    890690    1
910013   880608    890690    1
910088   900789    890768    1
910095   900789    890768    1
910096   900789    890768    1
910097   900789    890768    1
910045   900839    890761    1
910069   900839    890761    1
910071   900839    890761    1
910072   900839    890761    1
910074   900839    890761    1
910081   900849    890769    1
910084   900849    890769    1
910086   900849    890769    1
944217   910001    910014    2
944220   910001    910014    2
952658   910001    910014    2
952659   910001    910014    2
952660   910001    910014    2
952661   910001    910014    2
952662   910001    910014    2
955652   910001    910014    2
955653   910001    910014    2
955654   910001    910014    2
955655   910001    910014    2
955656   910001    910014    2
955657   910001    910014    2
955658   910001    910014    2
957204   910001    910014    2
957205   910001    910014    2
957206   910001    910014    2
957207   910001    910014    2
957208   910001    910014    2
957209   910001    910014    2
957210   910001    910014    2
957211   910001    910014    2
957212   910001    910014    2
964183   910001    910014    2
964184   910001    910014    2
964186   910001    910014    2
964187   910001    910014    2
964188   910001    910014    2
942537   910001    910016    2
942538   910001    910016    2
942540   910001    910016    2
942541   910001    910016    2
942968   910001    910071    2
942969   910001    910071    2
942970   910001    910071    2
942971   910001    910071    2
942972   910001    910071    2
942973   910001    910071    2
942974   910001    910071    2
944390   910001    910071    2
944392   910001    910071    2
952852   910001    910071    2
952853   910001    910071    2
952855   910001    910071    2
952856   910001    910071    2
952857   910001    910071    2
952859   910001    910071    2
943135   910001    910084    2
943136   910001    910084    2
943137   910001    910084    2
944642   910001    910084    2
944643   910001    910084    2
944644   910001    910084    2
944646   910001    910084    2
944647   910001    910084    2
944648   910001    910084    2
955947   910001    910084    2
963818   910001    910084    2
942376   910045    910013    2
942377   910045    910013    2
942378   910045    910013    2
942379   910045    910013    2
942380   910045    910013    2
942381   910045    910013    2
943966   910045    910013    2
943968   910045    910013    2
943969   910045    910013    2
945368   910045    910013    2
945369   910045    910013    2
945370   910045    910013    2
945372   910045    910013    2
945374   910045    910013    2
943120   910045    910086    2
943121   910045    910086    2
943122   910045    910086    2
943123   910045    910086    2
943320   910045    910095    2
943321   910045    910095    2
943322   910045    910095    2
943323   910045    910095    2
943324   910045    910095    2
943325   910045    910095    2
943326   910045    910095    2
944900   910045    910095    2
944901   910045    910095    2
944902   910045    910095    2
944903   910045    910095    2
944904   910045    910095    2
944906   910045    910095    2
944907   910045    910095    2
943310   910045    910096    2
943311   910045    910096    2
943312   910045    910096    2
943313   910045    910096    2
943315   910045    910096    2
944849   910045    910096    2
944852   910045    910096    2
944853   910045    910096    2
946684   910045    910096    2
942389   910081    910002    2
942390   910081    910002    2
942391   910081    910002    2
942392   910081    910002    2
942393   910081    910002    2
942396   910081    910002    2
943913   910081    910002    2
943914   910081    910002    2
943916   910081    910002    2
943917   910081    910002    2
945408   910081    910002    2
945409   910081    910002    2
945410   910081    910002    2
945411   910081    910002    2
945413   910081    910002    2
945414   910081    910002    2
952173   910081    910002    2
952175   910081    910002    2
952176   910081    910002    2
952178   910081    910002    2
963637   910081    910002    2
963638   910081    910002    2
963639   910081    910002    2
963640   910081    910002    2
943104   910081    910010    2
943105   910081    910010    2
943106   910081    910010    2
943107   910081    910010    2
943108   910081    910010    2
943109   910081    910010    2
944673   910081    910010    2
944676   910081    910010    2
951281   910081    910010    2
951284   910081    910010    2
951285   910081    910010    2
952545   910081    910010    2
952546   910081    910010    2
952547   910081    910010    2
952548   910081    910010    2
952549   910081    910010    2
952550   910081    910010    2
955960   910081    910010    2
955961   910081    910010    2
955962   910081    910010    2
955964   910081    910010    2
955966   910081    910010    2
955967   910081    910010    2
964164   910081    910010    2
964166   910081    910010    2
964168   910081    910010    2
964169   910081    910010    2
944330   910081    910020    2
951013   910081    910020    2
951015   910081    910020    2
951016   910081    910020    2
951017   910081    910020    2
955690   910081    910020    2
955691   910081    910020    2
955693   910081    910020    2
963291   910081    910020    2
963292   910081    910020    2
943563   910081    910072    2
943564   910081    910072    2
943566   910081    910072    2
943567   910081    910072    2
946901   910081    910072    2
946902   910081    910072    2
946903   910081    910072    2
946904   910081    910072    2
946906   910081    910072    2
946907   910081    910072    2
946908   910081    910072    2
963096   910081    910072    2
963097   910081    910072    2
963098   910081    910072    2
943428   910081    910097    2
943429   910081    910097    2
943430   910081    910097    2
946858   910081    910097    2
946861   910081    910097    2
946862   910081    910097    2
946864   910081    910097    2
963299   910081    910097    2
942527   910088    910009    2
942528   910088    910009    2
942530   910088    910009    2
942531   910088    910009    2
943981   910088    910009    2
943982   910088    910009    2
945397   910088    910009    2
945399   910088    910009    2
952188   910088    910009    2
952189   910088    910009    2
952191   910088    910009    2
952192   910088    910009    2
952194   910088    910009    2
963653   910088    910009    2
963654   910088    910009    2
942940   910088    910069    2
942941   910088    910069    2
942942   910088    910069    2
942944   910088    910069    2
942945   910088    910069    2
942947   910088    910069    2
944622   910088    910069    2
944623   910088    910069    2
944624   910088    910069    2
944625   910088    910069    2
944626   910088    910069    2
944627   910088    910069    2
951296   910088    910069    2
951298   910088    910069    2
952758   910088    910069    2
943144   910088    910074    2
943145   910088    910074    2
943146   910088    910074    2
943147   910088    910074    2
943148   910088    910074    2
944690   910088    910074    2
944691   910088    910074    2
951302   910088    910074    2
951303   910088    910074    2
951304   910088    910074    2
951305   910088    910074    2
951306   910088    910074    2
952765   910088    910074    2
952766   910088    910074    2
952767   910088    910074    2
952768   910088    910074    2
952769   910088    910074    2
952770   910088    910074    2
952771   910088    910074    2
955935   910088    910074    2
955937   910088    910074    2
955941   910088    910074    2
955942   910088    910074    2
955943   910088    910074    2
