S0383 S0025 SW1354 SW1369 SLA S0102 SW352 SW63 S0101 SW764
890761  9  10   3   4   2   8   5   2   4  12   3   3   2   1  13  13   2   5   2   2
880607  6   6   2   2   3   4   2   2   1   2   2   6   2   1   7   6   2   4   4   6
890769 16  10   1   1   8   5   2   6   4  12   4   3   3   4  11  13   5   5   2   2
890738  9  10   3   4   6   7   5   2   4  12   4   3   1   4  13  13   5   5   2   2
880608  2   7   5   2   4   1   2   3   1   5   2   5   2   1  12   6   2   4   4   3
890690 10  10   3   1   2   5   4   1   4  12   4   3   3   2  11  13   2   3   2   2
890755  9  10   4   1   5   7   5   1   4  12   3   3   2   4  11  11   5   5   2   2
890768  9   9   3   4   5   7   4   5   4   4   4   3   1   4  13  13   5   5   2   2
900839  2   3   5   6   3   4   2   3   1   6   2   5   2   1   8   7   6   4   4   6
900789  7   3   6   2   3   1   2   2   8  14   2   2   5   1   6   6   6   2   4   6
900848  3   3   5   2   3   4   7   3   2  16   2   2   5   2   6  10   6   7   5   7
900849  3   3   5   2   9   3   2   3   3  15   2   2   2   2   6   6   2   4   4   6
910014  6  10   2   1   4   5   2   1   2  12   2   3   2   4   6  11   2   5   4   2
910016  6   9   2   4   3   7   2   5   1   4   6   3   1   2   7  11   2   5   4   2
910020  6   9   2   4   3   7   2   5   2   4   2   3   2   2   6  11   2   5   6   2
910001  2  10   2   1   4   5   3   4   1   4   2   3   1   2  12  13   2   2   3   2
910002  7  10   5   3   1   5   2   4   5  12   5   4   1   3  12  11   2   2   3   2
910009  2  10   2   3   4   2   2   1   5  12   5   4   1   3  12  13   4   3   4   2
910010  2  10   2   3   1   2   3   1   1  12   2   4   1   2  12  13   4   2   4   2
910013  2  10   2   1   4   5   3   4   1   4   2   3   2   3   6  11   2   2   3   2
910088  7   9   6   3   1   5   2   4   4   8   2   4   1   4   6  13   2   5   6   2
910095  3   9   2   4   3   7   2   5   4   8   2   3   5   1   6  13   6   5   4   2
910096  3   9   2   3   3   5   2   5   4  14   2   3   5   1   6  13   2   5   6   2
910097  7   9   6   4   3   7   2   5   4  14   2   3   1   4   6  13   6   5   4   2
910045  3   9   6   4   3   8   3   5   6   4   5   3   2   1   8  13   6   2   6   2
910069  3  10   6   3   4   2   2   2   1  12   5   3   1   1   8  13   4   5   4   2
910071  3  10   6   3   4   2   2   2   1  12   2   3   2   1   7  13   4   5   4   2
910072  3  10   6   3   3   2   3   2   6  12   5   3   2   1   7  13   4   2   4   2
910074  2  10   5   3   4   2   2   5   1   4   2   3   2   1   8  13   4   2   6   2
910081  3  16   2   1   9   8   2   6  15  12   2   4   2   3   6  13   2   5   4   2
910084  3  16   5   1   3   5   2   2  15   4   2   3   2   4   6  11   4   5   4   2
910086  3  10   5   1   9   5   2   2  15  12   2   4   2   4   6  11   4   5   4   2
944217 10   6   2   1   5   5   4   1   4  12   3   3   1   2  12   6   2   2   3   4
944220 10   6   2   1   4   5   4   2   4   2   3   3   2   2  12  11   2   2   3   4
952658  2  10   2   1   4   5   3   1   1  12   2   3   1   4  12  11   2   5   2   2
952659 10   6   2   1   4   5   3   2   1  12   2   3   1   4  12  11   2   5   3   2
952660  2  10   2   1   4   5   4   1   4  12   3   3   1   4  12   6   2   5   2   2
952661  2  10   2   1   4   5   3   1   1   2   2   3   1   2  12   6   2   2   3   2
952662 10  10   1   1   5   5   3   1   1  12   2   3   2   2  13   6   2   2   2   2
955652 10   6   2   1   5   5   4   1   0   0   3   3   1   2  12  11   2   5   3   2
955653  2   6   2   2   4   4   3   2   0   0   2   3   2   2  13   6   2   2   2   4
955654 10  10   1   1   5   5   4   1   0   0   3   3   2   4  13  11   2   2   3   4
955655 10   6   2   1   4   5   3   2   0   0   2   2   1   4  12  11   2   5   3   2
955656  2  10   2   1   5   5   4   1   0   0   2   2   1   2  12   6   2   2   2   2
955657  2   6   2   2   4   5   3   1   0   0   2   2   1   2  12   6   2   2   2   4
955658 10  10   1   1   5   5   4   2   0   0   2   3   2   2  13   6   2   5   2   2
957204  2   6   2   2   4   4   3   2   1   2   2   2   1   2  12  11   2   5   3   2
957205 10  10   1   1   4   4   3   2   1   2   2   2   1   2  12   6   2   2   2   4
957206 10   6   2   1   4   5   4   2   4   2   2   3   2   4  13  11   2   5   3   4
957207 10   6   2   1   4   5   3   2   1  12   2   3   2   4  13   6   2   2   3   4
957208 10   6   2   1   4   5   3   1   1  12   2   3   1   4  12  11   2   5   3   2
957209  2   6   2   2   4   4   3   2   1   2   2   2   1   4  12  11   2   5   2   2
957210 10  10   1   1   5   5   4   1   4  12   3   3   2   4  13  11   2   5   2   2
957211 10  10   1   1   5   5   4   2   4   2   2   3   2   2  13   6   2   5   2   2
957212  2   6   2   2   4   4   3   2   1   2   2   2   1   4  12  11   2   2   2   4
964183 10  10   1   1   5   5   3   1   0   0   2   2   1   2  12   6   2   5   2   2
964184 10   6   2   1   4   4   3   2   0   0   2   2   1   4  12   6   2   2   3   4
964186  2   6   2   2   4   4   4   2   0   0   2   3   2   4  13   6   2   2   2   4
964187 10   6   2   1   4   5   4   2   0   0   2   3   1   4  12   6   2   2   0   0
964188  2  10   2   1   4   5   3   1   0   0   3   3   2   4  13  11   2   5   2   4
942537 10   6   1   2   4   3   3   2   1   1   3   6   2   1  13  11   2   5   2   2
942538 10   6   1   2   4   3   3   2   1   1   2   6   1   1  12   7   2   2   2   4
942540 10   6   2   2   4   3   3   2   1   1   2   6   2   1  12   7   2   2   3   4
942541 10   6   1   2   5   3   4   2   1   4   3   6   2   1  13   7   2   2   2   4
942968 10   3   1   6   5   4   4   2   4  12   3   3   2   2  13  13   2   5   3   2
942969  2   3   2   6   4   4   3   2   1   1   2   2   2   1  12   7   2   4   2   4
942970  2  10   2   3   4   2   3   2   1  12   2   3   1   1  12  13   2   5   3   2
942971  2  10   2   3   5   2   4   2   4  12   3   3   1   1  12  13   2   5   3   2
942972 10   3   1   6   5   2   3   2   1  12   2   3   1   1  12  13   2   5   3   2
942973 10   3   1   6   5   4   3   2   1  12   2   2   2   1  12   7   2   5   2   2
942974 10   3   1   6   5   4   3   2   1   1   2   2   2   1  12   7   2   4   2   4
944390  2  10   2   3   4   2   3   2   1  12   2   3   1   1  12  13   2   4   2   4
944392 10  10   1   3   5   2   4   2   4  12   3   3   2   1  13  13   2   5   3   2
952852 10  10   1   3   5   4   4   2   4   1   2   3   2   2  13  13   2   5   3   2
952853  2   3   2   6   4   4   3   2   1   1   2   2   2   1  12   7   2   4   3   2
952855  2  10   2   3   4   2   3   2   1  12   2   2   2   1  13   7   2   4   2   2
952856  2  10   2   3   4   2   4   2   4   1   2   3   1   1  12  13   2   5   2   2
952857 10  10   1   3   5   4   4   2   4   1   2   3   2   2  13   7   2   4   2   4
952859  2  10   2   3   4   4   3   2   4   1   2   3   2   2  13   7   2   4   2   4
943135 10  16   1   1   5   3   3   2   1  15   2   2   1   2  12   6   2   4   2   4
943136  2  16   2   1   4   5   3   2   1   4   2   3   1   4  12  11   2   5   2   2
943137  2  16   2   1   4   5   3   2   1   4   2   3   1   4  12  11   2   5   2   4
944642  2  16   2   1   4   5   3   2   1  15   2   2   1   2  12  11   2   5   2   2
944643  2   3   2   5   5   5   3   2   1   4   2   3   1   4  12  11   2   5   2   2
944644 10  16   1   1   5   5   4   2   4  15   2   3   2   2  13   6   2   5   3   2
944646 10   3   1   5   5   3   4   2   4  15   3   3   2   4  13  11   2   5   2   2
944647  2   3   2   5   5   3   4   2   4  15   2   3   2   2  13   6   2   4   2   4
944648  2  16   2   1   4   5   3   2   1   4   3   3   2   4  13  11   2   4   2   4
955947 10   3   1   5   4   3   3   2   1   4   2   3   1   4  12   6   2   4   2   4
963818 10  16   1   1   5   5   4   2   0   0   2   3   2   2  13   6   2   4   3   4
942376  3   2   4   2   8   4   5   3   4   1   3   2   2   2  13   6   2   2   2   2
942377  9  10   4   1   8   5   5   4   4   4   3   3   1   2   8   6   6   2   6   3
942378  9   2   4   2   8   5   5   4   4   4   3   3   2   3  13  11   6   2   6   3
942379  3  10   6   1   3   5   5   4   4   4   3   3   2   3  13  11   2   2   2   3
942380  9  10   4   1   8   5   5   4   4   4   3   3   2   2   8   6   6   2   6   3
942381  9   2   6   2   3   4   3   3   6   1   5   2   1   2   8   6   2   2   2   2
943966  3  10   6   1   3   5   3   4   6   1   5   2   1   2  13   6   2   2   2   3
943968  3  10   6   1   3   5   3   3   4   1   3   2   2   2  13  11   6   2   6   2
943969  3  10   6   2   3   4   5   3   4   1   3   2   1   2   8   6   6   2   2   3
945368  9  10   4   1   8   5   5   4   6   4   5   3   1   3   8   6   6   2   6   3
945369  9   2   4   2   8   4   5   4   6   4   3   3   1   3   8  11   6   2   6   2
945370  3  10   6   1   3   5   5   4   6   4   3   3   2   3  13  11   2   2   6   3
945372  3  10   6   1   3   5   3   4   6   4   5   3   1   3   8  11   6   2   6   3
945374  9   2   4   2   8   4   5   4   4   4   3   3   2   3  13  11   2   2   2   2
943120  3  10   6   1   3   5   3   2   6  12   5   4   1   4   8  11   6   5   6   2
943121  3   3   6   5   3   9   3   2   6  15   5   2   1   4  13   6   2   4   2   4
943122  9   3   4   5   8   9   3   2   6  15   5   2   1   2   8   6   6   4   6   4
943123  3   3   6   5   3   9   3   2   6  15   5   4   2   4  13   6   2   4   6   2
943320  9   9   4   4   8   7   3   2   4   8   5   2   1   1   8  13   6   5   6   2
943321  9   3   4   2   8   3   5   2   4   8   3   2   2   5  13  13   2   5   2   4
943322  9   3   6   4   3   7   5   5   4   4   3   3   2   5  13   6   2   6   2   4
943323  9   3   4   2   8   3   0   0   6   8   5   2   1   5   8  13   2   5   2   2
943324  3   3   6   2   3   7   3   5   6   4   5   3   1   1   8  13   6   6   2   4
943325  9   3   4   2   8   3   5   2   4   8   3   2   2   5  13   6   6   6   6   4
943326  9   9   4   4   8   7   5   5   4   4   3   3   2   5  13   6   2   6   2   2
944900  9   9   4   4   3   7   3   5   6   4   5   3   1   1   8  13   2   5   2   4
944901  9   3   6   4   3   3   5   2   4   8   3   2   2   5  13   6   2   6   6   4
944902  9   9   4   4   8   7   5   2   4   8   3   2   2   5  13   6   2   6   2   4
944903  9   3   4   2   8   3   3   5   6   4   5   3   1   5   8   6   6   5   6   2
944904  3   3   6   2   3   3   3   2   6   4   5   3   1   1  13  13   2   5   2   2
944906  9   9   4   4   8   3   5   2   4   4   5   3   1   5   8   6   6   6   2   2
944907  9   3   4   2   8   3   3   2   6   8   5   2   1   5   8   6   6   6   2   4
943310  9   3   6   2   3   5   3   5   6   4   5   3   1   5   8   6   6   2   6   6
943311  9   9   4   3   8   5   5   5   4   4   5   2   1   5   8   6   6   2   2   6
943312  9   3   6   3   3   3   5   2   4  14   3   2   2   5  13   6   2   5   2   6
943313  9   3   6   3   3   5   3   5   4  14   3   3   2   5  13   6   6   5   2   6
943315  3   3   6   3   3   5   3   5   6   4   5   3   1   5   8   6   6   5   2   6
944849  9   9   4   3   8   5   5   5   6   4   5   3   1   5   8   6   2   2   2   2
944852  9   9   4   3   8   5   5   5   4   4   3   3   2   5  13   6   2   2   2   6
944853  9   9   4   3   8   5   5   5   6   4   5   3   1   1   8   6   6   2   2   6
946684  9   9   4   3   8   5   5   5   6   4   5   3   1   5   8   6   2   2   2   6
942389 16  10   1   3   8   5   6   2  15   5   2   5   2   3   6  12   5   2   2   3
942390  3   7   2   5   9   1   2   2  15   5   2   5   2   3  13  11   5   2   2   3
942391  3  10   2   3   9   5   2   4  15  12   2   4   2   3  13  11   5   2   2   2
942392  3   7   2   5   9   5   2   4  12  12   2   4   2   3   6  12   2   2   4   3
942393 16   7   1   5   8   1   6   2  12   5   4   5   3   3  13  11   2   2   4   2
942396  3  10   2   5   9   1   2   2  15   5   2   5   2   3   6  12   2   2   4   3
943913  3  10   2   3   9   5   2   2  15   5   2   5   3   1  13  11   5   2   4   2
943914  3  10   2   3   9   1   6   2  12   5   4   5   3   3  13  11   2   2   4   2
943916  3   7   2   5   9   1   6   2  12   5   4   5   3   1  13  11   5   2   4   3
943917  3  10   2   3   9   1   2   2  15   5   2   4   2   3  13  11   5   2   2   3
945408  3  10   2   3   9   1   2   2  15   5   2   5   2   3   6  11   2   2   4   2
945409 16   7   1   5   8   1   6   2  12   5   4   5   3   1  13  12   2   2   4   3
945410 16  10   1   3   8   5   6   4  12  12   4   5   3   3  13  11   5   2   2   3
945411 16  10   1   3   9   5   2   4  15  12   2   4   3   3  13  11   5   2   4   2
945413  3   7   2   5   9   1   2   2  15  12   2   4   2   3   6  11   2   2   4   3
945414 16   7   1   5   8   1   2   2  15   5   2   5   2   3   6  11   2   2   4   2
952173  3  10   2   3   8   5   6   4  12  12   4   4   3   3  13  11   5   2   2   3
952175 16  10   1   3   8   5   2   4  15  12   2   4   2   3   6  12   2   2   0   0
952176  3  10   2   3   9   5   2   4  15  12   2   4   2   1   6  12   2   2   4   3
952178  3   7   2   5   9   1   2   4  15  12   2   4   3   3  13  12   5   2   0   0
963637 16   7   1   5   8   1   6   2   0   0   4   4   3   3  13  11   5   2   2   2
963638  3  10   2   3   9   5   2   2   0   0   2   5   3   1  13  12   5   2   2   3
963639 16   7   1   5   8   1   6   2   0   0   2   5   2   1   6  12   2   2   0   0
963640  3   7   2   5   9   5   6   4   0   0   4   4   3   1  13  12   5   2   4   2
943104 16   2   2   2   8   1   6   3  12   1   4   4   3   2  13  13   2   2   2   4
943105  3   2   1   2   8   1   6   3  12   1   4   2   2   1   6  13   2   2   2   2
943106  3  10   2   3   9   1   2   3  15   1   2   2   2   2   6  13   2   2   2   4
943107  3   2   2   2   9   1   2   1  15  12   4   2   2   2  13  13   5   4   2   4
943108 16   2   1   2   8   1   2   3  15   1   2   2   2   1   6  12   2   4   4   4
943109 16  10   1   3   8   2   6   1  12  12   4   4   3   2  13  13   5   2   2   4
944673 16  10   1   3   8   2   6   3  12   1   2   2   2   1   6  12   2   4   4   4
944676 16  10   1   3   8   2   6   1  12  12   4   4   3   2  13  13   5   2   2   2
951281 16  10   2   2   9   2   2   1   0   0   4   2   2   2   6  13   5   2   2   2
951284  3  10   2   3   9   2   2   3  15   1   2   2   2   1   6  12   2   4   2   4
951285  3   2   2   2   9   1   2   3  15   1   4   2   3   1  13  12   5   2   2   4
952545  3  10   2   3   9   2   2   3  15   1   4   2   3   2  13  12   5   4   4   4
952546 16  10   1   3   8   2   2   3  12   1   4   2   3   1   6  12   2   4   4   4
952547  3  10   2   3   9   1   2   3  12   1   4   4   3   2  13  13   5   2   2   2
952548 16  10   1   3   8   2   6   1  12  12   4   2   3   1  13  12   5   4   4   4
952549 16   2   1   2   8   1   6   3  12   1   4   2   3   2  13  13   2   2   4   4
952550  3  10   2   3   9   2   2   3  15   1   2   2   3   2  13  12   5   4   4   4
955960  3  10   2   3   9   2   6   1  12  12   4   4   3   1  13  12   5   4   2   4
955961 16   2   1   2   8   2   6   1  12  12   4   4   3   2  13  13   2   2   2   4
955962 16  10   1   3   8   2   6   1  12  12   4   4   3   2  13  13   5   2   2   4
955964 16   2   1   2   8   1   2   3  15   1   4   2   2   2   6  13   2   2   2   2
955966  3   2   2   2   9   1   2   3  15   1   2   2   2   1   6  13   2   2   4   4
955967  3   2   2   2   9   1   6   3  12   1   4   2   3   2  13  13   5   4   2   4
964164  3  10   2   3   9   2   2   3   0   0   2   2   2   1   6  12   2   4   4   4
964166  3   2   2   2   9   1   6   3   0   0   4   2   3   1  13  13   5   2   4   4
964168  3  10   2   3   9   2   2   3   0   0   2   2   2   2  13  13   5   2   4   4
964169  3   2   2   2   9   1   2   3   0   0   4   2   2   2  13  12   5   4   4   4
944330 16   9   1   4   9   7   2   5  15   4   2   3   2   2   6  11   2   5   4   2
951013  3   6   2   2   9   3   2   5  15   4   2   2   2   2   6   6   2   2   4   6
951015  3   6   2   2   9   3   6   2  12   2   4   2   3   2  13   6   5   5   4   2
951016 16   9   1   4   8   7   6   2  12   2   4   2   3   2  13  11   5   5   2   6
951017 16   6   1   2   8   3   2   2  15   2   2   2   2   2   6  11   2   5   4   6
955690 16   6   1   2   8   7   6   5   0   0   4   3   3   2  13   6   2   5   2   6
955691 16   6   1   2   8   3   6   2   0   0   4   2   3   2  13   6   2   5   4   6
955693  3   9   2   4   0   0   2   5   0   0   2   3   2   2   6  11   5   5   2   2
963291  3   9   2   2   8   3   6   2   0   0   4   3   3   2  13   6   5   5   2   2
963292 16   6   1   2   8   3   6   5   0   0   4   3   3   2  13  11   5   5   2   2
943563 16   3   1   6   8   3   2   3  15   6   2   5   2   1   6  13   5   2   2   2
943564  3  10   2   3   9   2   6   2  12  12   4   3   3   2  13   7   5   4   2   4
943566 16  10   1   3   8   2   2   3  15   6   2   5   2   2   6  13   2   2   2   4
943567 16  10   1   3   8   3   2   3  15   6   2   5   2   1  13   7   5   4   2   2
946901 16  10   1   3   8   2   6   2  12  12   4   3   2   2   6  13   2   2   2   4
946902 16  10   1   3   8   2   6   2  12  12   4   3   3   2  13  13   5   2   2   2
946903 16  10   1   3   8   2   6   3  12   6   4   5   3   2   6  13   2   2   4   4
946904 16  10   1   3   8   2   6   2  12  12   4   3   3   2  13  13   5   4   2   4
946906  3  10   2   3   9   2   2   3  15   6   2   5   2   2   6  13   2   2   2   2
946907  3   3   2   6   9   3   2   3  15   6   2   5   2   1   6  13   2   2   4   4
946908  3   3   2   6   8   3   6   3  12   6   4   5   3   1  13   7   5   4   2   4
963096  3  10   2   6   9   3   2   3   0   0   2   5   2   1   6   7   2   4   2   4
963097  3  10   2   3   9   3   2   3   0   0   2   5   2   1   6   7   5   2   2   2
963098 16  10   1   3   8   2   2   2   0   0   2   3   2   1  13   7   5   4   2   2
943428  3   7   2   6   9   7   2   5  15   4   2   3   2   4   6   6   2   6   2   4
943429 16   9   1   4   8   7   6   5  12   4   4   2   3   1   6  13   2   6   4   4
943430 16   7   1   6   8   3   6   5  12   4   4   3   3   4  13  13   2   5   4   4
946858 16   9   1   4   8   7   2   2   0   0   2   2   2   1   6   6   2   5   2   4
946861 16   9   1   4   8   3   6   2  12  14   2   2   2   1   6   6   2   6   4   4
946862 16   7   1   6   8   3   6   2  12  14   4   2   3   4  13  13   2   6   4   4
946864 16   7   1   6   8   7   6   5  15   4   2   3   3   4  13  13   5   5   2   2
963299 16   7   1   6   8   7   6   5   0   0   4   3   2   1   6   6   2   5   4   4
942527  7  10   6   3   1   2   2   1   8  12   2   5   1   1   6  12   2   4   6   4
942528  9  10   3   3   5   2   2   1   8  12   2   5   1   1   6  12   2   4   6   2
942530  7   2   6   2   5   4   4   2   4   5   4   5   4   1   6  13   2   3   2   4
942531  7   2   6   2   1   2   2   1   8  12   4   4   4   3  13  12   5   4   6   4
943981  7  10   6   3   1   4   4   2   4   5   4   5   4   1  13  12   5   3   2   4
943982  7  10   6   3   1   2   2   1   8   5   4   5   4   1  13  12   5   4   6   4
945397  9   2   3   2   5   4   4   2   4   5   4   5   1   1   6  13   5   3   2   2
945399  7   2   6   2   1   4   2   1   8  12   2   4   1   3   6  13   2   3   2   2
952188  9  10   3   3   5   2   4   1   4  12   4   4   4   1  13  12   5   4   6   4
952189  7  10   6   3   5   2   4   1   4   5   4   5   4   3  13  12   5   4   0   0
952191  7   2   6   2   1   4   2   2   8   5   2   5   4   1  13  12   5   4   2   2
952192  7  10   6   3   1   2   2   2   8   5   2   4   4   3  13  13   5   3   6   2
952194  7  10   6   3   1   4   4   2   4   5   4   5   4   1  13  13   5   3   2   2
963653  7  10   6   3   1   4   2   2   0   0   2   5   1   1   6  13   5   3   2   4
963654  7  10   6   2   1   4   2   2   0   0   2   4   1   1   6  12   2   3   0   0
942940  9   3   6   3   5   4   4   2   4   1   4   5   1   1   6   8   2   4   6   4
942941  7  10   6   3   5   2   4   2   4  12   4   3   4   1  13  13   2   5   6   2
942942  9   3   6   3   5   4   2   2   8   1   2   5   1   1   6   8   2   4   6   4
942944  7  10   6   3   1   4   2   2   8   1   2   5   1   1   6   8   5   4   2   4
942945  9  10   3   3   5   2   4   2   4   1   2   5   1   1   6   8   2   4   2   2
942947  7  10   6   3   1   2   2   2   8  12   2   3   1   1   6  13   2   5   6   2
944622  9   3   6   3   5   4   4   2   4   1   4   5   4   1  13   8   2   4   6   2
944623  7  10   6   3   1   4   2   2   4   1   4   5   4   1  13   8   5   4   2   4
944624  9  10   3   3   5   4   4   2   4   1   4   3   4   1  13  13   5   5   2   2
944625  7  10   6   3   1   2   2   2   8  12   2   5   1   1   6  13   2   4   6   4
944626  9  10   3   3   1   4   2   2   8  12   2   3   1   1   6   8   2   4   6   4
944627  7  10   6   3   1   2   2   2   8   1   2   5   1   1   6   8   2   4   6   2
951296  7   3   6   6   1   4   2   2   8  12   4   5   4   1  13   8   5   4   2   4
951298  7   3   6   6   1   4   4   2   4  12   4   3   4   1  13  13   5   5   2   4
952758  9   3   6   3   1   2   2   2   8  12   2   3   1   1   6  13   2   5   6   2
943144  7  10   6   3   5   2   4   5   4   1   4   3   4   2  13  13   2   2   6   6
943145  7   2   6   5   1   2   2   5   8   4   2   3   1   2   6   8   2   4   2   6
943146  7  10   6   3   1   2   2   2   8   1   2   2   1   1   6   8   5   2   2   2
943147  7  10   6   3   1   2   2   2   8   1   2   2   1   1   6   8   2   4   6   6
943148  9   2   3   5   5   4   4   5   4   4   2   2   1   1   6  13   2   4   6   6
944690  7  10   6   3   5   2   4   2   4   1   4   2   4   1  13   8   5   2   2   2
944691  9  10   3   3   5   2   2   2   8   1   2   2   1   1   6  13   2   2   6   6
951302  7  10   3   3   5   2   4   5   4   4   4   3   4   2  13   8   5   4   6   6
951303  9  10   3   3   5   4   4   2   4   1   4   2   4   1  13  13   2   4   6   6
951304  7  10   6   3   1   2   4   5   4   4   4   2   4   1  13   8   5   4   2   6
951305  7   2   6   5   1   4   4   2   4   1   4   3   4   2  13  13   5   2   2   2
951306  7  10   6   3   1   2   2   2   8   1   2   2   4   2  13  13   2   2   6   6
952765  7   2   6   5   1   4   2   5   8   4   2   3   1   1   6   8   5   4   2   2
952766  9   2   3   5   5   4   2   2   8   1   2   2   1   1   6   8   2   2   6   6
952767  9  10   3   3   5   4   4   2   4   1   4   2   4   1   6   8   2   4   6   6
952768  7   2   6   5   1   4   2   2   8   1   2   2   4   1  13   8   5   4   6   6
952769  9   2   3   5   5   4   2   5   8   4   2   3   1   1   6  13   2   2   6   6
952770  7   2   6   5   1   4   4   5   4   4   4   3   4   2  13  13   5   2   2   2
952771  7  10   6   3   5   2   4   5   4   4   4   3   4   2  13  13   5   2   2   6
955935  9  10   3   3   5   2   4   2   4   1   4   2   4   1  13   8   5   4   2   6
955937  9  10   3   3   5   4   4   2   4   1   4   3   4   2  13   8   5   4   2   6
955941  9   2   3   5   1   4   2   2   8   1   2   2   1   1   6   8   2   4   2   6
955942  9   2   3   5   5   4   4   2   4   1   4   2   4   2  13  13   5   2   2   2
955943  7   2   6   5   1   4   2   2   8   1   2   2   1   1   6   8   5   4   2   6
