  944217    7.1350  1  1     1.9320  1  1      .8730  1  1    35.8630  1  1    31.3220  1  1
  944220    6.4060  1  1     2.0680  1  1      .8460  1  1    30.2670  1  1    26.6590  1  1
  952658    6.5000  1  1     2.1440  1  1      .9060  1  1    30.6870  1  1    26.7960  1  1
  952659    6.6460  1  1     1.4070  1  1      .7600  1  1    31.0720  1  1    27.9520  1  1
  952660    6.3440  1  1     2.3500  1  1      .7460  1  1    30.0150  1  1    25.4090  1  1
  952661    7.8370  1  1     2.1010  1  1     1.0760  1  1    40.4190  1  1    33.2510  1  1
  952662    7.4690  1  1     1.9990  1  1      .9270  1  1    38.1200  1  1    33.6620  1  1
  955652    6.0700  1  1     2.4680  1  1      .9830  1  1    31.7120  1  1    25.9820  1  1
  955653    8.6320  1  1     2.5600  1  1     1.6100  1  1    32.1550  1  1    29.1860  1  1
  955654    6.5430  1  1     2.1980  1  1      .7690  1  1    31.2030  1  1    27.3920  1  1
  955655    7.3000  1  1     1.3560  1  1      .8770  1  1    34.1670  1  1    33.0390  1  1
  955656    8.3400  1  1     2.3710  1  1     1.1330  1  1    40.7120  1  1    37.9820  1  1
  955657    7.4910  1  1      .9690  1  1     1.0200  1  1    38.5970  1  1    34.8860  1  1
  955658    6.7320  1  1     2.0780  1  1      .8570  1  1    31.6740  1  1    28.6200  1  1
  957204    6.7850  1  1     2.0920  1  1      .9350  1  1    33.1670  1  1    29.7590  1  1
  957205    6.6330  1  1     1.7740  1  1      .8530  1  1    33.0330  1  1    27.4810  1  1
  957206    6.8680  1  1     1.7450  1  1      .8990  1  1    32.5890  1  1    28.7720  1  1
  957207    6.7740  1  1     1.8300  1  1      .8830  1  1    32.8580  1  1    27.3270  1  1
  957208    6.0970  1  1     2.2070  1  1      .8160  1  1    30.1850  1  1    24.4350  1  1
  957209    6.9590  1  1     1.8580  1  1     1.0300  1  1    34.0230  1  1    29.6380  1  1
  957210    6.1200  1  1     2.1460  1  1      .7740  1  1    28.2810  1  1    26.8450  1  1
  957211    7.3670  1  1     2.2800  1  1      .8520  1  1    32.5120  1  1    30.0380  1  1
  957212    7.1460  1  1     2.0670  1  1     1.0400  1  1    36.1760  1  1    35.0970  1  1
  964183    7.1850  1  1     1.4560  1  1      .9610  1  1    35.2450  1  1    33.4940  1  1
  964184    7.2070  1  1     1.6720  1  1     1.0090  1  1    35.6580  1  1    34.1690  1  1
  964186    6.8620  1  1     2.4800  1  1      .9180  1  1    33.2350  1  1    29.6510  1  1
  964187    6.0820  1  1     1.9780  1  1      .8060  1  1    29.2910  1  1    25.6890  1  1
  964188    6.6180  1  1     2.4140  1  1      .9160  1  1    31.8600  1  1    28.3380  1  1
  942537    7.3570  1  1     1.8530  1  1      .9560  1  1    36.5070  1  1    33.4920  1  1
  942538    6.4050  1  1     1.5600  1  1      .9540  1  1    29.5150  1  1    26.3250  1  1
  942540    6.6130  1  1     2.1770  1  1      .9510  1  1    32.4280  1  1    29.2530  1  1
  942541    6.4360  1  1     2.4100  1  1      .7600  1  1    31.7170  1  1    29.4940  1  1
  942968    6.1920  1  1     3.0100  1  1      .8590  1  1    28.7900  1  1    26.0660  1  1
  942969    7.4940  1  1     1.4640  1  1     1.3820  1  1    34.2420  1  1    32.6080  1  1
  942970    7.0930  1  1     2.2220  1  1     1.0790  1  1    34.1550  1  1    32.5360  1  1
  942971    6.4860  1  1     2.4370  1  1      .7910  1  1    30.8480  1  1    26.1140  1  1
  942972    6.7470  1  1     1.6680  1  1      .8840  1  1    33.0110  1  1    28.4150  1  1
  942973    7.1310  1  1     1.9700  1  1      .8520  1  1    37.7130  1  1    34.3310  1  1
  942974    7.8820  1  1     1.3730  1  1     1.1810  1  1    40.5410  1  1    34.1970  1  1
  944390    6.9880  1  1     1.7240  1  1      .9150  1  1    32.7410  1  1    29.7450  1  1
  944392    6.9920  1  1     2.3880  1  1      .9460  1  1    32.9230  1  1    30.2280  1  1
  952852    7.1110  1  1     2.2410  1  1      .8650  1  1    34.8450  1  1    31.6910  1  1
  952853    7.3600  1  1     1.5580  1  1      .8520  1  1    33.3160  1  1    32.9190  1  1
  952855    7.2180  1  1     1.5930  1  1      .9890  1  1    36.6710  1  1    31.5470  1  1
  952856    6.4940  1  1     1.5860  1  1      .8890  1  1    30.5840  1  1    27.9690  1  1
  952857    6.4400  1  1     2.4240  1  1      .7170  1  1    30.8920  1  1    28.3910  1  1
  952859    7.2830  1  1     1.6340  1  1     1.0590  1  1    34.0260  1  1    31.6690  1  1
  943135    6.5280  1  1     1.6360  1  1      .9450  1  1    33.6980  1  1    29.5890  1  1
  943136    6.0480  1  1     2.3400  1  1      .8220  1  1    32.2180  1  1    25.0230  1  1
  943137    7.0780  1  1     2.0250  1  1      .7930  1  1    33.4110  1  1    31.8530  1  1
  944642    7.4940  1  1     1.2700  1  1     1.1620  1  1    37.5150  1  1    36.1940  1  1
  944643    7.6770  1  1     2.0440  1  1      .9480  1  1    36.1300  1  1    31.0380  1  1
  944644    7.0780  1  1     1.8200  1  1      .8950  1  1    39.2080  1  1    32.7720  1  1
  944646    6.2740  1  1     1.7940  1  1      .6260  1  1    28.8720  1  1    25.3260  1  1
  944647    6.2960  1  1     2.4040  1  1      .6720  1  1    29.1210  1  1    26.6990  1  1
  944648    6.5180  1  1     2.6670  1  1      .7790  1  1    31.5640  1  1    29.9040  1  1
  955947    6.7460  1  1     2.0000  1  1      .8220  1  1    28.2760  1  1    30.6570  1  1
  963818    6.6830  1  1     2.0000  1  1      .8300  1  1    32.0670  1  1    31.0770  1  1
  942376    6.5020  1  1     1.1280  1  1      .8770  1  1    30.3130  1  1    27.2930  1  1
  942377    7.0160  1  1     2.5240  1  1      .8600  1  1    33.6880  1  1    30.6060  1  1
  942378    6.4240  1  1     2.1060  1  1      .7460  1  1    28.7260  1  1    26.9680  1  1
  942379    7.3860  1  1     2.2920  1  1      .8630  1  1    34.1680  1  1    31.1720  1  1
  942380    6.5570  1  1     2.7980  1  1      .8710  1  1    31.7560  1  1    27.0020  1  1
  942381    6.8380  1  1     1.1510  1  1      .9930  1  1    30.9670  1  1    28.5080  1  1
  943966    7.2790  1  1     2.0380  1  1      .9530  1  1    34.9830  1  1    30.1820  1  1
  943968    6.4650  1  1     1.9800  1  1      .8280  1  1    30.9050  1  1    26.9430  1  1
  943969    6.0560  1  1     1.9820  1  1      .8260  1  1    30.2020  1  1    25.0170  1  1
  945368    6.7290  1  1     2.3590  1  1      .8300  1  1    33.0190  1  1    29.8840  1  1
  945369    6.3690  1  1     1.5690  1  1      .8090  1  1    30.7010  1  1    28.6190  1  1
  945370    6.8370  1  1     2.4150  1  1      .8600  1  1    33.7300  1  1    29.6430  1  1
  945372    6.3150  1  1     1.4540  1  1      .7630  1  1    31.2870  1  1    27.4390  1  1
  945374    6.0890  1  1     2.3280  1  1      .7010  1  1    28.9890  1  1    26.3550  1  1
  943120    7.9590  1  1     2.6890  1  1      .9600  1  1    36.6120  1  1    32.3520  1  1
  943121    7.1720  1  1     1.6600  1  1      .9280  1  1    32.3900  1  1    30.4970  1  1
  943122    7.3530  1  1     1.9100  1  1      .9510  1  1    37.2360  1  1    34.5340  1  1
  943123    7.6360  1  1     1.7400  1  1      .9100  1  1    37.4480  1  1    34.5460  1  1
  943320    7.3910  1  1     2.1340  1  1      .8720  1  1    33.5000  1  1    30.4600  1  1
  943321    7.7810  1  1     2.2420  1  1     1.1160  1  1    41.0750  1  1    34.9320  1  1
  943322    6.8980  1  1     2.2440  1  1      .7710  1  1    32.4600  1  1    28.0880  1  1
  943323    7.6960  1  1     1.7440  1  1     1.0180  1  1    42.9140  1  1    36.6400  1  1
  943324    7.0350  1  1     2.0290  1  1      .7090  1  1    32.7680  1  1    28.5100  1  1
  943325    6.6660  1  1     1.8410  1  1      .9640  1  1    34.1420  1  1    27.3190  1  1
  943326    6.3720  1  1     1.7660  1  1      .7360  1  1    32.1230  1  1    27.1380  1  1
  944900    8.0110  1  1     1.4720  1  1      .8940  1  1    42.0860  1  1    34.0710  1  1
  944901    7.3430  1  1     3.2700  1  1      .8640  1  1    36.5680  1  1    31.1430  1  1
  944902    7.1020  1  1     2.0710  1  1      .8520  1  1    34.3570  1  1    29.6360  1  1
  944903    6.9060  1  1     1.8910  1  1      .8700  1  1    32.0580  1  1    28.5520  1  1
  944904    7.8440  1  1     1.7090  1  1      .9840  1  1    37.2500  1  1    34.8780  1  1
  944906    6.9590  1  1     2.1420  1  1      .9340  1  1    32.5780  1  1    28.4910  1  1
  944907    7.6430  1  1     1.4460  1  1     1.1530  1  1    37.7900  1  1    35.5020  1  1
  943310    7.0060  1  1     1.7330  1  1      .9820  1  1    33.0360  1  1    27.6380  1  1
  943311    7.7750  1  1     1.3510  1  1     1.1030  1  1    37.8640  1  1    39.9980  1  1
  943312    8.5020  1  1     2.0290  1  1     1.0380  1  1    42.6910  1  1    35.8540  1  1
  943313    7.4510  1  1     1.6530  1  1      .8080  1  1    33.3260  1  1    32.3840  1  1
  943315    7.6780  1  1      .9300  1  1     1.1240  1  1    34.1230  1  1    33.7100  1  1
  944849    7.3020  1  1     1.9580  1  1      .9800  1  1    34.5390  1  1    30.5190  1  1
  944852    7.5020  1  1     1.8140  1  1      .9480  1  1    35.1530  1  1    35.8580  1  1
  944853    6.5820  1  1     2.2280  1  1      .8750  1  1    29.9900  1  1    27.5560  1  1
  946684    6.3010  1  1     2.0000  1  1      .7460  1  1    28.2320  1  1    23.2730  1  1
  942389    7.8910  1  1     1.5430  1  1     1.0830  1  1    40.0400  1  1    37.1660  1  1
  942390    7.1540  1  1     1.7890  1  1      .9640  1  1    32.9550  1  1    29.1030  1  1
  942391    6.9650  1  1     1.9150  1  1      .9310  1  1    34.3760  1  1    31.6120  1  1
  942392    6.4800  1  1     2.5910  1  1      .8410  1  1    31.6060  1  1    26.2990  1  1
  942393    6.9510  1  1     2.0810  1  1      .9000  1  1    35.6540  1  1    29.5050  1  1
  942396    7.7420  1  1     1.7750  1  1     1.0570  1  1    37.6370  1  1    34.3330  1  1
  943913    7.5580  1  1     2.1990  1  1     1.0070  1  1    36.0690  1  1    35.3640  1  1
  943914    7.4490  1  1     1.8560  1  1     1.0020  1  1    35.7610  1  1    31.4380  1  1
  943916    6.5730  1  1     2.3380  1  1      .9460  1  1    32.2310  1  1    27.6560  1  1
  943917    7.5500  1  1     1.6070  1  1      .9280  1  1    35.8680  1  1    32.7010  1  1
  945408    8.1920  1  1     2.4440  1  1     1.4750  1  1    40.3010  1  1    36.0370  1  1
  945409    6.5530  1  1     1.6820  1  1      .7000  1  1    32.9920  1  1    28.1100  1  1
  945410    8.1250  1  1     1.9970  1  1      .9400  1  1    38.5980  1  1    35.6160  1  1
  945411    6.2150  1  1     2.0440  1  1      .7900  1  1    33.1560  1  1    28.9170  1  1
  945413    6.5550  1  1     2.4630  1  1     1.5790  1  1    31.5030  1  1    26.7110  1  1
  945414    9.1370  1  1     1.1960  1  1     1.3400  1  1    43.0800  1  1    43.6870  1  1
  952173    6.7940  1  1     2.5270  1  1      .8200  1  1    32.5140  1  1    29.1370  1  1
  952175    6.0790  1  1     1.8640  1  1      .7280  1  1    32.3580  1  1    26.1640  1  1
  952176    6.8170  1  1     1.3990  1  1     1.0140  1  1    33.3010  1  1    29.6210  1  1
  952178    6.9960  1  1     2.2110  1  1      .9200  1  1    32.6780  1  1    29.9430  1  1
  963637    6.6380  1  1     2.5860  1  1      .9040  1  1    32.7180  1  1    27.9210  1  1
  963638    8.0800  1  1     1.1340  1  1     1.0910  1  1    39.1600  1  1    36.1260  1  1
  963639    7.7960  1  1     1.7440  1  1      .8450  1  1    36.4290  1  1    32.6800  1  1
  963640    7.0620  1  1     2.5360  1  1     1.1120  1  1    39.7400  1  1    31.1220  1  1
  943104    6.5910  1  1     2.2070  1  1      .9030  1  1    30.6820  1  1    26.8610  1  1
  943105    6.2880  1  1     1.8870  1  1      .7170  1  1    30.9990  1  1    25.6210  1  1
  943106    7.5050  1  1     1.8700  1  1     1.4140  1  1    37.3070  1  1    37.0430  1  1
  943107    6.6790  1  1     1.8740  1  1      .9260  1  1    34.3640  1  1    30.0920  1  1
  943108    7.7400  1  1     1.9960  1  1     1.1270  1  1    37.1150  1  1    33.2230  1  1
  943109    6.7450  1  1     2.1660  1  1      .8100  1  1    30.6330  1  1    28.6460  1  1
  944673    7.9160  1  1     2.4310  1  1     1.3270  1  1    36.5400  1  1    35.4180  1  1
  944676    6.7510  1  1     1.5690  1  1      .8120  1  1    31.3190  1  1    27.0680  1  1
  951281    7.1150  1  1     2.2120  1  1     1.0360  1  1    37.6540  1  1    29.2960  1  1
  951284    6.9870  1  1     1.7200  1  1     1.0180  1  1    32.5480  1  1    29.5380  1  1
  951285    7.7690  1  1     2.0680  1  1     1.2150  1  1    42.6730  1  1    37.4770  1  1
  952545    8.0400  1  1     1.2710  1  1     1.2930  1  1    40.5730  1  1    38.1670  1  1
  952546    6.3510  1  1     2.7240  1  1      .8740  1  1    28.3240  1  1    26.2980  1  1
  952547    6.8610  1  1     2.6980  1  1      .8980  1  1    33.0460  1  1    29.9000  1  1
  952548    6.7440  1  1     1.9220  1  1      .8500  1  1    32.1800  1  1    30.1780  1  1
  952549    6.8560  1  1     2.1500  1  1      .8520  1  1    31.1720  1  1    27.3440  1  1
  952550    7.9510  1  1     1.2360  1  1     1.3470  1  1    42.4870  1  1    40.6000  1  1
  955960    7.0740  1  1     2.5790  1  1      .8910  1  1    30.0210  1  1    30.4630  1  1
  955961    6.8710  1  1     2.0140  1  1      .8430  1  1    29.2430  1  1    28.3180  1  1
  955962    6.8630  1  1     1.9540  1  1      .9160  1  1    31.3290  1  1    33.3900  1  1
  955964    7.4310  1  1     1.7950  1  1      .7880  1  1    32.0110  1  1    30.6200  1  1
  955966    6.9260  1  1     1.9690  1  1      .9950  1  1    31.8590  1  1    30.6670  1  1
  955967    7.1270  1  1     1.4640  1  1      .9270  1  1    30.8290  1  1    30.1380  1  1
  964164    7.3590  1  1     1.3940  1  1     1.1250  1  1    37.6380  1  1    34.3640  1  1
  964166    8.3290  1  1     2.7140  1  1     1.4090  1  1    42.2130  1  1    33.8360  1  1
  964168    7.5670  1  1     2.5280  1  1      .9260  1  1    36.3490  1  1    32.1230  1  1
  964169    6.5220  1  1     1.3630  1  1      .7840  1  1    29.7330  1  1    27.7750  1  1
  944330    7.3640  1  1     2.0000  1  1      .9690  1  1    38.7830  1  1    34.1210  1  1
  951013    7.7680  1  1     1.8600  1  1     1.1940  1  1    38.9940  1  1    33.2430  1  1
  951015    7.1430  1  1     2.1250  1  1      .8420  1  1    34.0340  1  1    30.1200  1  1
  951016    7.9410  1  1     1.8830  1  1      .9470  1  1    36.0040  1  1    33.0860  1  1 
  951017    7.8000  1  1     1.8650  1  1     1.3220  1  1    38.5320  1  1    36.3530  1  1
  955690    6.9440  1  1     2.4070  1  1      .8020  1  1    34.3280  1  1    32.5830  1  1
  955691    6.5140  1  1     1.5710  1  1      .8040  1  1    31.3960  1  1    27.9790  1  1
  955693    8.1910  1  1     2.0220  1  1     1.0510  1  1    41.0690  1  1    34.8710  1  1
  963291    7.6020  1  1     1.8750  1  1      .9250  1  1    34.4290  1  1    34.8040  1  1
  963292    6.7820  1  1     2.1250  1  1      .7610  1  1    32.1710  1  1    29.5960  1  1
  943563    7.5300  1  1     2.0130  1  1     1.1060  1  1    37.6990  1  1    33.8810  1  1
  943564    7.4420  1  1     2.6010  1  1      .9120  1  1    36.6310  1  1    31.9900  1  1
  943566    7.5160  1  1     1.7530  1  1     1.0280  1  1    38.6800  1  1    35.7000  1  1
  943567    7.4780  1  1     1.6330  1  1     1.0260  1  1    34.9980  1  1    32.4700  1  1
  946901    6.9190  1  1     2.5620  1  1      .7770  1  1    33.0980  1  1    29.8460  1  1
  946902    6.1890  1  1     2.3680  1  1      .6740  1  1    28.9350  1  1    25.5450  1  1
  946903    7.8130  1  1     2.0960  1  1      .8860  1  1    47.7520  1  1    31.5570  1  1
  946904    7.3710  1  1     2.4120  1  1      .7930  1  1    33.6650  1  1    32.4850  1  1
  946906    6.4340  1  1     1.1300  1  1     1.3550  1  1    30.8000  1  1    25.7630  1  1
  946907    9.6680  1  1     1.2800  1  1     1.5740  1  1    47.0120  1  1    42.7740  1  1
  946908    6.5440  1  1     2.1520  1  1     1.5520  1  1    40.1000  1  1    34.8560  1  1
  963096    8.2830  1  1     1.7550  1  1     1.2670  1  1    39.0680  1  1    38.9620  1  1
  963097    7.3000  1  1     1.8890  1  1     1.0470  1  1    37.0020  1  1    32.0800  1  1
  963098    6.3710  1  1     2.3550  1  1      .8040  1  1    31.4240  1  1    25.5890  1  1
  943428    6.4690  1  1     2.3640  1  1      .8390  1  1    31.2960  1  1    27.4230  1  1
  943429    6.7450  1  1     1.4090  1  1      .8780  1  1    33.8910  1  1    29.5810  1  1
  943430    7.1610  1  1     2.2260  1  1      .8870  1  1    34.4890  1  1    30.7590  1  1
  946858    7.8250  1  1     1.7330  1  1     1.1930  1  1    41.4050  1  1    35.8430  1  1
  946861    6.9780  1  1     1.9310  1  1      .8680  1  1    31.5780  1  1    28.9870  1  1
  946862    7.2010  1  1     2.1680  1  1      .8330  1  1    31.1930  1  1    31.8310  1  1
  946864    7.0870  1  1     2.1680  1  1      .8120  1  1    32.6940  1  1    30.0840  1  1
  963299    6.4170  1  1     1.9870  1  1      .8270  1  1    30.4620  1  1    26.2590  1  1
  942527    6.9600  1  1     1.8060  1  1      .9460  1  1    37.5190  1  1    31.6750  1  1
  942528    7.2160  1  1     2.2700  1  1      .9680  1  1    38.3760  1  1    33.0590  1  1
  942530    7.6460  1  1     1.3070  1  1     1.1770  1  1    38.9420  1  1    32.1930  1  1
  942531    8.9700  1  1     2.6170  1  1     1.1760  1  1    47.5190  1  1    43.6750  1  1
  943981    6.7690  1  1     2.0980  1  1      .9570  1  1    33.1940  1  1    28.8450  1  1
  943982    7.4300  1  1     1.9020  1  1      .9340  1  1    34.9540  1  1    31.3150  1  1
  945397    6.9110  1  1     2.1860  1  1      .8460  1  1    33.6420  1  1    29.7240  1  1
  945399    6.8930  1  1     1.8140  1  1      .8080  1  1    35.2190  1  1    28.7010  1  1
  952188    6.9200  1  1     2.5930  1  1      .8110  1  1    33.1740  1  1    27.4490  1  1
  952189    7.5990  1  1     1.6800  1  1      .9640  1  1    36.2890  1  1    33.5460  1  1
  952191    9.1610  1  1     1.9370  1  1     1.8300  1  1    47.1240  1  1    46.7300  1  1
  952192    7.7550  1  1     1.8410  1  1     1.0550  1  1    39.7600  1  1    35.2690  1  1
  952194    6.6800  1  1     1.9490  1  1      .8360  1  1    33.6250  1  1    26.4870  1  1
  963653    7.6980  1  1     2.2070  1  1     1.1230  1  1    40.2200  1  1    33.5520  1  1
  963654    7.1470  1  1     1.7930  1  1     1.0410  1  1    34.7860  1  1    31.6860  1  1
  942940    7.2040  1  1     2.3740  1  1      .6680  1  1    32.3490  1  1    29.0280  1  1
  942941    7.4820  1  1     2.3000  1  1     1.1220  1  1    36.0010  1  1    30.7290  1  1
  942942    7.8860  1  1     1.5120  1  1     1.1430  1  1    36.2810  1  1    35.1370  1  1
  942944    7.8920  1  1     1.3960  1  1     1.1450  1  1    39.2620  1  1    34.9550  1  1
  942945    7.9730  1  1     2.1710  1  1      .9860  1  1    37.9150  1  1    33.1620  1  1
  942947    6.9760  1  1     2.2460  1  1      .8530  1  1    33.2810  1  1    30.1370  1  1
  944622    8.3600  1  1     2.0280  1  1     1.3250  1  1    41.1810  1  1    36.3450  1  1
  944623    6.4680  1  1     2.3510  1  1      .8420  1  1    35.5360  1  1    26.9720  1  1
  944624    7.5650  1  1     2.1840  1  1      .8040  1  1    40.7580  1  1    38.8270  1  1
  944625    6.7950  1  1     1.3910  1  1      .9300  1  1    34.4020  1  1    29.6950  1  1
  944626    7.5440  1  1     1.5140  1  1     1.1280  1  1    34.0930  1  1    29.2630  1  1
  944627    8.0530  1  1     2.5310  1  1     1.1520  1  1    35.8640  1  1    33.5850  1  1
  951296    7.8990  1  1     2.2260  1  1     1.1050  1  1    31.8710  1  1    30.2870  1  1
  951298    7.5190  1  1     1.7740  1  1      .9020  1  1    35.7070  1  1    32.9860  1  1
  952758    8.7910  1  1     2.0000  1  1     1.3530  1  1    42.5660  1  1    35.3740  1  1
  943144    7.3510  1  1     1.9750  1  1      .8770  1  1    38.5150  1  1    34.0530  1  1
  943145    7.3350  1  1     1.4370  1  1      .9990  1  1    36.8900  1  1    30.3660  1  1
  943146    8.3260  1  1     2.5480  1  1     1.0640  1  1    39.2640  1  1    36.1740  1  1
  943147    8.1420  1  1     2.2410  1  1     1.3140  1  1    39.9580  1  1    36.2570  1  1
  943148    6.7640  1  1     1.7990  1  1      .8830  1  1    31.0050  1  1    28.4620  1  1
  944690    7.3690  1  1     1.9300  1  1      .8750  1  1    35.4820  1  1    31.7860  1  1
  944691    7.0980  1  1     2.0700  1  1     1.1110  1  1    34.0780  1  1    30.4490  1  1
  951302    6.3860  1  1     1.8810  1  1      .7110  1  1    28.4710  1  1    23.9590  1  1
  951303    7.7510  1  1     2.0830  1  1      .9000  1  1    37.0490  1  1    34.4410  1  1
  951304    6.8870  1  1     2.1670  1  1      .8640  1  1    31.6560  1  1    28.9560  1  1
  951305    7.1710  1  1     2.1820  1  1     1.0380  1  1    35.7610  1  1    33.7050  1  1
  951306    7.1300  1  1     1.6870  1  1      .9730  1  1    34.9450  1  1    31.1970  1  1
  952765    6.9030  1  1     2.0840  1  1      .8040  1  1    31.1210  1  1    29.3340  1  1
  952766    7.8390  1  1     1.5370  1  1     1.2260  1  1    41.6420  1  1    37.7780  1  1
  952767    7.3780  1  1     1.9710  1  1      .8920  1  1    35.6030  1  1    30.9110  1  1
  952768    7.4020  1  1     1.5780  1  1     1.3050  1  1    35.4880  1  1    31.3190  1  1
  952769    6.8890  1  1     2.1860  1  1      .9110  1  1    32.0930  1  1    27.8150  1  1
  952770    6.7190  1  1     2.4710  1  1      .8630  1  1    31.9390  1  1    27.8520  1  1
  952771    7.3300  1  1     2.1720  1  1      .8400  1  1    33.4580  1  1    31.2850  1  1
  955935    6.4860  1  1     1.4690  1  1      .7830  1  1    27.4210  1  1    28.1960  1  1
  955937    6.7450  1  1     2.6830  1  1      .8590  1  1    27.9220  1  1    28.9540  1  1
  955941    9.1620  1  1     2.5090  1  1     1.4810  1  1    41.7290  1  1    39.6180  1  1
  955942    6.7870  1  1     1.5400  1  1      .8330  1  1    30.3450  1  1    30.9670  1  1
  955943    8.2890  1  1     1.8000  1  1     1.4130  1  1    36.2680  1  1    36.7380  1  1
